5552.222033390917
12483.980760036091
4642.261112547825
19069.233365342447
2645.353974152228
18678.16944252331
3993.3584847972334
3364.9360489794294
6007.703869468756
1144.8642117810298
1768.0316720463325
2374.2126685222274
4536.108211194105
3819.7934845167574
4538.928454830351
1115.4655770151246
2028.203794268078
5977.033507529978
4202.372067666086
4754.05058816568
5197.113854498267
2725.031363645603
2845.0243850062047
4165.013822518185
6296.054161690491
5263.5162964512065
2337.8724703423904
1400.4288023962542
5576.716344681777
10657.440284155153
7351.643457635982
2046.8022737456483
2570.5051422991564
9826.714730695561
7381.149964093963
1608.4616241900212
4612.350999465732
37727.21645067004
1283.2373307888495
9374.565303363082
6550.91878703977
19066.94775471495
20487.9501108453
12986.429981426267
4776.7065433802445
10577.019579381524
18499.868711069037
9736.747057343542
16001.782049246365
28954.2295796945
4177.910945456981
6357.373336001296
32335.982664694136
907.6914167683296
19071.350506018553
25812.169951402986
5969.412800193416
8972.127771500172
3043.697960591807
5006.79032573054
7061.375877922079
12752.518942351251
37727.21645067004
25081.875550747438
21797.16586038517
16775.925054587795
5911.9733683996
7157.359463212966
16472.774602006353
4076.65518227651
26369.422855085482
2923.954691090816
16880.952012162157
2810.1545078137055
9328.376136284776
10554.212486919116
22712.256285451153
4076.65518227651
7608.903459149014
3207.5140543769935
5250.100565664187
12207.639284205092
7805.28448457618
6237.513749123117
963.1444128355186
6914.92153835425
3748.7776976312102
12832.274859200605
1125.897638933537
9657.379826558748
5308.158724470434
373.3292780500256
2973.716114480837
785.7157541255078
10091.289118395176
805.8838094132241
2918.84311530241
3016.084269695535
3748.7776976312102
895.5315589949704
1043.81160180703
11275.892697383466
791.8379944691183
5091.903177380613
3264.3071407027405
8421.473666743726
11373.147751961327
2758.977240070589
3825.9833261415056
11500.32600558554
8335.217228894722
4743.326445631654
6360.286205734127
10254.095250458595
1977.1167825165023
3581.5431386986716
1126.076622418484
9992.988367085709
5404.898115110669
4697.457772701569
22138.597821875304
6642.669604398308
5502.571736409459
1584.9910282089627
7063.212784782198
17180.710024457992
7117.939386669541
2807.5804202652653
10314.262398509885
2802.2903743925217
9361.352644474868
6593.78189971615
23211.404816909064
8974.64397796722
4891.3365813267155
10856.223123792885
4051.480965665189
8637.450976063814
22624.225442358467
22338.900662991153
17228.58698097969
8623.14661565772
3594.9094757415633
6650.3807299182145
673.0249051831244
9878.554609022398
3300.850584697154
13198.634465074918
13201.867815974167
14018.758075509784
17228.58698097969
16433.795674649762
11171.486990066805
22513.151425679367
17228.58698097969
16660.676160215422
19496.373139386764
7431.9027723335885
2143.5780283958825
3328.8094288975067
19698.453627438448
21261.887035887088
1781.6615959231283
6702.656655247465
2579.309995548732
8546.374757459585
3527.7359438452986
17562.784705954204
21516.504751469656
4553.79803867822
7914.928805507574
2579.309995548732
3744.6691485271563
4083.53076243056
3665.0820057816723
1546.0656480817283
10672.428233630151
13161.137470796817
4853.530417816956
1388.0401398570837
3007.6649829761973
10009.776574132562
4891.3365813267155
2189.6915357060852
3280.551136064917
1678.5183156619155
2744.5327397082265
2640.8140326734315
9379.624367765215
1614.5315546306003
6780.894038805194
939.5965016349512
6684.985831967381
9949.44345782701
2974.741571933403
5394.119885077168
4958.417752572354
17569.471066267655
13733.076187033901
13995.142338701451
6313.49121589457
17110.741606345862
6358.270035542734
13861.266038149774
13820.789307383775
14022.737401742199
13187.001550146959
21953.9923244729
13130.895051905138
17228.58698097969
3299.3469564483894
25480.597168386754
12316.875117645282
27669.90485352047
3350.4099165294347
17379.797147805628
28065.92781215722
1493.1598878793409
25448.130557260556
18456.009008443754
26181.27503906525
18390.975816807695
27808.49018214844
18628.241963177643
17836.406276137954
27366.99318499201
20928.673873692067
18849.03035873804
19779.398121790793
5043.918957296598
16348.972461142135
22204.97240707892
19012.08328288296
18197.35288717038
19764.703015686053
18804.371730101415
4026.052420340122
20222.49018658712
2126.244032318954
18628.241963177643
2060.4226723032552
21018.605207711287
2929.461349866313
1325.01816335178
22260.86186444777
4188.10707530296
3778.2445138454527
1331.149815754438
4137.309201029964
2218.7952648777937
4535.8519679857
5097.133531147317
2329.252884362138
3869.233662851755
1996.7813115161587
2900.202744182511
2304.6446132020437
4187.387824389881
9047.410764311893
3047.616443331807
7431.9027723335885
1841.4586161389923
2191.318750815538
1195.1811839503791
9704.607630294098
13737.137396102855
5042.53600678765
3328.8094288975067
6708.02330767095
6675.861343089593
9291.813359322996
10012.232649924934
14105.32990262191
10485.953808563821
1612.6006066912707
2368.2195763840286
4458.533143653914
3328.8094288975067
8186.119856419841
4798.511237023465
4564.718469427001
4620.024861268349
1542.2258937147012
2615.0789977577524
2856.8061945972345
2818.685884183308
4292.895865047265
3474.9456131045013
2507.3405405334993
7958.677303579826
2616.900699023243
48185.599732721894
2333.9197659908314
3962.7523903787032
47674.42976468354
46512.72728274098
76691.04887769005
71677.76914227956
48815.70129245511
46856.79365457923
46874.999131960394
47637.90096069507
88685.4608242614
47306.708651820576
2591.0151672680404
48012.2784461788
48048.680487816535
24876.873867288617
1667.1149973159388
12882.60623914731
47831.79310395816
2656.543510179011
3683.767246167234
3358.665458516413
1543.5167032197783
3927.340776858954
1650.3844698262383
3949.387076879496
2058.032182474647
1266.9811166636052
8546.374757459585
1996.5675469147518
2730.4879616628787
4587.618852511333
3213.9913033465373
1166.4754077059508
5657.60288391025
1495.3770381718998
1125.9197069339396
3020.1052481377183
2082.48135814338
3442.726553832742
1082.539909592016
4638.266421734943
8546.374757459585
3269.630160927471
1781.1597868711938
3464.912714687633
1140.3739685547137
1112.262740079123
8546.374757459585
2591.0151672680404
765.3243153071093
1911.1158015046772
3063.336695636295
739.067056392775
3940.606239221097
5322.039829941064
1373.5159071381768
3641.1063744481157
2070.338674535414
3004.600749601716
1754.522634791037
881.111649263732
5075.395199701359
2811.147566237193
6679.024458558207
6312.361444053717
6677.352978692896
5314.52184180654
2973.716114480837
6191.649584461922
8807.192594260676
12168.163316418091
1148.6306325309451
5225.4925073478735
10989.185119866339
3924.7234348964066
3487.6398531520904
3366.352668051629
10956.658332232679
5632.223474338985
12149.668069499074
14191.820753614013
5597.88345226939
8440.263323062387
8233.174593213604
1339.3592064783586
1235.7460584987118
7044.404964927373
2630.310081199215
2566.886246604986
5609.43678309104
10803.658203478755
20330.305506185043
298.70966956864584
1592.934379293552
13835.968161752988
3280.551136064917
17103.879162518864
2075.031795724157
648.2726920634366
24382.888061440244
5110.803250661631
28422.935587883294
1233.7287284854804
24115.52987634511
16810.90608262924
24178.67405409785
19501.09036096244
26520.24682387119
8529.139739121081
7233.088423561733
8906.382339617054
9291.813359322996
9785.549886288152
27105.949793526386
8786.263486674767
12456.195540915834
10272.027116455016
4191.7149546422315
8789.20631986364
3022.77108136861
6619.2836625343025
6702.656655247465
3931.0642164843225
3158.6507683557634
47016.423771497626
2488.1241936813954
5097.58786572807
10063.676033805043
4459.475967679004
2662.03337669823
47799.456112924825
10882.946361280136
33009.4363490571
2645.296558884636
5921.57529101396
47781.821773671494
3550.405627883162
47826.01234471677
3452.04284379092
1082.539909592016
1973.2044472498606
26095.396931217878
16579.583696732196
27859.871280995943
28086.984802261704
27843.38788446121
5837.254215184659
5848.191211981324
18390.616800094685
12364.608533777608
6337.014803367494
9917.782251309352
11705.416233669754
5260.97278973504
1045.268238872039
3200.0123874371843
44675.35999591864
3709.576115988995
3806.859972730324
11008.180546356447
6842.194433345974
5209.796325450191
5758.152777737107
27669.90485352047
6651.9507025851735
12959.66321989309
7893.924572618169
6007.7887981796985
2046.8022737456483
2135.020171894755
2248.3083430014203
4623.918730053648
9290.72746532016
4713.953656957288
1106.5789150355504
414.9978736772395
19857.849315901956
2620.8161081488
2183.3272633942815
2268.97704948117
8994.183772421564
1472.3783514868917
1831.8561628907037
8869.483567175954
4614.761611811936
1373.5484210927186
3440.4207261476577
3982.1820714826376
2843.6174521356834
3046.3865280363298
831.2448153399595
2781.467699148313
5016.744517071594
11676.482770567067
15023.605559483587
3317.6570191882292
828.2588166962697
11612.942623617226
11879.105320125038
18552.859716162795
4785.284806390056
8578.069637131928
10177.874758329042
4843.90741162215
8417.859138009602
17476.803189526592
3105.0447312392566
5551.195970549157
17837.91657975201
18023.551794760067
6490.306918264116
7339.134080865916
5285.150973097236
6901.8093857175045
9177.175161634095
2393.815701660181
12531.223167164779
719.3451401332062
15339.895927456442
3662.093017206307
10204.740489999242
8000.646877403236
3446.5825850260717
8674.254901735558
5533.050730751843
5899.480558770325
4798.762883292129
2072.791710464293
8831.305571419858
21204.159635566775
2793.30835259081
591.8017009591229
3225.8849424162527
6999.33305885561
6052.487792567898
16089.595638461982
2924.812288097374
6469.766282346505
7758.037625181182
6772.2633549439615
5857.8480042219535
4799.246738426074
7705.599495513527
13706.856250392811
827.122604452581
5764.637224067758
27509.588840865723
16798.529658964
29082.56969639
26194.700968658628
22024.62980124991
27272.535920118313
25166.220778379262
27858.982431743087
25683.610723915295
9308.41747421847
7273.956471607089
26353.273866449403
4983.397462917694
5492.108373859393
8905.26957995469
13073.071785375392
7395.311362380395
26466.611021583205
7043.907865303663
15485.788409267263
5145.789633017716
19676.993896494263
24327.819767480232
10929.56121331589
16771.451135754905
9149.82947361616
13726.294521033726
9308.41747421847
6308.860514520891
26584.774380864437
4488.922751484802
26885.56142398702
5969.519620269674
4520.902097737452
25582.686359546773
7311.620317599581
5380.3311054767355
4538.789532350082
27339.734234233594
12104.155022459341
5380.3311054767355
15195.019183049879
3841.5525550909188
4413.65747796929
10833.12251377893
10481.84871108602
5565.28763010427
49544.13948460652
2824.4624801313616
3246.30652777798
27336.23277052354
2969.5925994960803
2638.5805354351314
2432.7130005187755
14788.717293425929
4286.796166171556
11084.16238835299
1311.0350421602507
1223.93893667448
5164.010137082574
4753.5798644542565
5052.807012077983
869.8860150848179
2838.036329211263
5954.172791901729
2809.8706430514976
1761.5147043721518
5669.52567132447
1949.878549056112
1967.4759402421903
5725.523225362496
1723.902305376557
10749.1731867553
17591.424217165502
3026.7364878455296
25729.02952558655
3984.93072710295
3466.553558490609
13679.792207601227
21818.717929850856
20989.568167115292
12707.482197295916
1175.4592942797376
21268.970703411516
3744.2380081055044
13512.693330839786
6753.64859414768
8404.051966660521
2793.30835259081
9931.993856478806
2689.849865621587
11762.206932408566
2919.3913129516222
7651.5060272770215
14888.363613143367
8772.491945913269
7847.985707850468
5739.424808863809
1212.21274009752
1132.4443378868814
18948.2375348141
10616.209189778216
28699.467383452768
11915.756109267142
29794.936020120258
9928.565204751241
7460.873286373883
8271.082914774293
8637.386675840873
17714.480325018758
8167.777746043777
9212.859241842909
17665.004767113292
8626.501172504228
20027.113438576398
10833.12251377893
6514.72368274125
6050.68292514679
8782.578904609029
14102.744122577804
17750.0165649454
17750.0165649454
16559.82948043097
3542.602945410667
3888.527831894071
16328.141463201671
2792.678823724684
8991.423629689285
3046.7060270326556
10581.786420850973
10684.91046783605
11816.522541313643
20040.649759148022
1952.5952178249618
5840.371255025897
9308.41747421847
1729.7452857683538
14981.917695034017
6004.353053835794
4508.916148497232
13064.618212070583
1420.3769053798126
1930.09224770857
1952.5952178249618
451.35379388545124
4143.50002975569
12350.546878776868
12939.835794722201
10192.169778744352
5402.368964850067
15479.913391293614
14981.917695034017
13544.081282425459
1359.3265023394931
10477.017395752106
5799.3009894918005
24484.02199499645
14319.129353241959
5004.754467769957
3926.510981408617
12078.699227906875
13525.436492013107
17768.60673659805
6753.64859414768
22519.58472790352
12826.054985690549
8776.32667667839
10235.4286152777
8053.219892925734
781.0144195953019
22350.754058391907
15817.236043740062
3860.9994856446406
12133.642522783963
965.5572776538665
20090.25315046162
8481.47721501831
2919.3913129516222
11313.37090752497
4890.713198022447
34063.07608761934
8177.9076697393975
6602.91398576855
21662.848753150567
12826.054985690549
28699.467383452768
13698.051046095465
22203.238297567805
18700.847276502984
6332.647679438076
8093.515178955156
5234.219727614328
1139.4682587011416
12161.233479827195
16791.74298009357
7981.835164376434
7464.206138198715
22118.758379525123
5932.708370443488
8765.186078276694
8574.15351001821
965.5572776538665
14469.586248644973
13706.856250392811
12999.53899131882
28750.974154043546
3701.6234236823425
965.5572776538665
12177.32872354762
18103.73093015168
24207.61040001293
15398.214033741955
2426.751382738541
11865.095612804533
2919.1629890478607
4807.4293678348495
12510.695506839873
17739.023024903134
15018.405826429253
2817.1581460287257
10415.205065517712
9551.80366967061
2470.70380024787
9989.614848109575
4977.785322129227
13114.885158932504
4052.6960045046812
17280.071367790013
4624.250688165069
5772.430857764619
1691.334296126216
22174.049332576647
1984.394346800668
27291.718337165188
20250.952873472062
12195.434235529077
27385.42162288769
19197.71032416333
19854.573595691367
21994.186917458926
4878.510595720185
13772.924037039335
7946.350303318358
20920.45502199221
9911.433045545598
2719.969649080563
9953.137179904832
6441.214504125097
6224.209492436956
9055.68765278263
15140.598903719336
6399.944235825287
3776.655384625714
8690.583914775247
15785.724641942757
20973.81849292206
9594.783767618132
5560.8564109156605
19882.219150608988
13486.550189171374
9257.027244492858
6971.317922357081
18384.54523544025
13360.24469333114
13069.840278023748
21034.493288016416
11523.783424377465
1430.31864266054
17002.946000601885
9594.783767618132
11606.427782675542
7347.0224201663905
7605.371442246781
8160.006828021267
15821.384237289942
9391.957811632277
7424.1189105056
7646.524058278918
6901.573892019444
7390.443457619915
3543.2374975430916
10306.806933398653
2894.875070349641
6945.161894160647
4779.400011721688
11335.091324409272
9569.850277579208
5983.612050275727
2988.063254132703
29410.48111954693
11203.065076623792
2117.053625993375
3177.614582061458
3808.8809309888866
2937.795939453872
10482.623088537011