2248.3083430014203,65.5
2645.353974152228,65.5	1768.0316720463325,65.5	2374.2126685222274,65.5	2028.203794268078,65.5	2725.031363645603,65	2845.0243850062047,65.5	2337.8724703423904,65.5	2046.8022737456483,65.5	2570.5051422991564,65.5	1608.4616241900212,65.5	2811.147566237193,65.5	2046.8022737456483,65.5

1132.4443378868814,65.5	781.0144195953019,65.5
2072.791710464293,65.5	2924.812288097374,65.5	1212.21274009752,65.5	2919.1629890478607,65.5	1691.334296126216,65.5	1430.31864266054,65.5	2937.795939453872,65.5
1388.0401398570837,65	2929.461349866313,65.5	1339.3592064783586,65	1235.7460584987118,65	648.2726920634366,65	1233.7287284854804,65.5
2807.5804202652653,65.5	2802.2903743925217,65	673.0249051831244,65	2189.6915357060852,65	1678.5183156619155,65	2744.5327397082265,65.5	2640.8140326734315,65.5	1614.5315546306003,65.5	939.5965016349512,65	2974.741571933403,65.5	2630.310081199215,65.5	2566.886246604986,65	298.70966956864584,65	1592.934379293552,65.5	2075.031795724157,65	414.9978736772395,65	2183.3272633942815,65	1472.3783514868917,65.5	1831.8561628907037,65
2191.318750815538,65	1612.6006066912707,65.5	2368.2195763840286,65	2615.0789977577524,65	2856.8061945972345,65.5	2818.685884183308,65.5	2507.3405405334993,65	2616.900699023243,65	2333.9197659908314,65	2488.1241936813954,65	2662.03337669823,65.5
2843.6174521356834,65.5	831.2448153399595,65.5	2781.467699148313,65.5	828.2588166962697,65.5	2824.4624801313616,65.5	2969.5925994960803,65	1311.0350421602507,65	1223.93893667448,65.5	869.8860150848179,65.5	1761.5147043721518,65.5	1967.4759402421903,65.5	1723.902305376557,65.5	1359.3265023394931,65.5	2117.053625993375,65.5

2126.244032318954,65	2060.4226723032552,65.5	1331.149815754438,65	2218.7952648777937,65.5	2329.252884362138,65	1996.7813115161587,65	2900.202744182511,65.5	2304.6446132020437,65	1841.4586161389923,65	1195.1811839503791,65.5	2135.020171894755,65
1754.522634791037,65.5
2579.309995548732,65.5	2579.309995548732,65.5	2058.032182474647,65.5	1125.9197069339396,65	1140.3739685547137,65	1112.262740079123,65.5	739.067056392775,65.5	1148.6306325309451,65.5
1667.1149973159388,65.5	2656.543510179011,65.5	1650.3844698262383,65.5	1266.9811166636052,65	2730.4879616628787,65.5	1166.4754077059508,65.5	2082.48135814338,65.5	1082.539909592016,65.5	1781.1597868711938,65.5	765.3243153071093,65.5	1373.5159071381768,65.5	2070.338674535414,65.5	1082.539909592016,65.5	1973.2044472498606,65.5
2918.84311530241,65.5	2973.716114480837,65.5

2393.815701660181,65	2793.30835259081,65	2793.30835259081,65	2689.849865621587,65	2426.751382738541,65