114	67997.3868	3
163	37926.5416	1
139	27953.0363	5
98	25085.6986	5
95	14868.4446	4
110	13556.1555	4
64	13327.9511	4
89	11349.0899	4
102	10957.5811	4
90	10427.7392	4
232	10210.6765	4
217	10187.7506	4
171	9495.8126	4
52	9065.9062	4
85	8549.9583	4
73	7054.4886	6
94	6824.2516	6
77	6510.0602	6
73	6105.2056	6
60	5207.8348	6
38	4268.3089	6
57	4236.5421	6
62	4182.3338	6
58	3836.0711	6
56	3562.2053	6
43	3039.9026	0
25	2923.8802	0
34	2755.8648	0
19	2274.9848	0
29	2148.7238	0
51	2127.005	0
33	1980.8566	0
67	1937.4291	0
23	1650.2348	0
55	1523.3223	0
24	1507.8397	0
26	1498.9031	0
17	1493.9265	0
26	1474.9462	0
64	1430.8899	0
40	1366.1619	0
31	1256.9036	0
24	1179.1445	0
22	1125.7637	0
33	1078.8887	0
33	1054.1406	0
28	1047.2994	0
20	956.449	0
28	876.885	0
32	860.6575	0
20	819.5817	0
25	812.4732	0
16	802.9929	0
56	801.945	0
18	768.431	0
19	759.2893	0
17	758.6399	0
15	741.186	0
28	716.1536	2
17	692.4968	2
27	680.1682	2
1	661.4701	2
1	638.8183	2
5	636.5533	2
20	631.8731	2
21	607.9601	2
48	585.3526	2
17	578.4185	2
16	577.3317	2
27	557.8477	2
10	544.8401	2
13	544.5673	2
34	537.6568	2
41	533.4239	2
20	526.7561	2
15	512.8802	2
1	498.2218	2
15	479.3786	2
12	466.0196	2
36	464.8392	2
19	463.2336	2
12	462.5524	2
58	456.8141	2
14	443.4528	2
16	438.3089	2
12	432.0017	2
42	430.3396	2
36	425.5539	2
34	419.474	2
15	409.9957	2
40	404.3689	2
34	401.2549	2
11	389.3617	2
11	388.9843	2
12	385.9114	2
1	371.5909	2
10	358.6164	2
13	355.7476	2
10	339.6894	2
1	325.9203	2
33	322.1326	2
15	318.7701	2
29	318.7701	2
16	317.5724	2
16	317.3112	2
10	316.9499	2
1	313.7988	2
12	310.1361	2
17	308.6912	2
18	308.3529	2
32	289.7356	2
17	287.4723	2
17	286.1964	2
22	284.9008	2
14	271.4754	2
14	263.7415	2
1	255.3604	2
11	246.9617	2
1	243.7428	2
8	243.0345	2
11	240.7228	2
22	239.112	2
10	239.0776	2
15	239.0776	2
19	236.2993	2
12	234.2849	2
42	233.9414	2
22	225.3733	2
11	225.2535	2
7	223.4477	2
13	219.9701	2
8	219.7008	2
10	218.2444	2
11	213.7231	2
25	213.5504	2
19	212.6327	2
14	200.0799	2
13	199.2313	2
20	199.2313	2
63	199.2313	2
9	197.6011	2
18	196.782	2
14	195.401	2
10	192.2122	2
1	191.2621	2
9	190.1459	2
8	188.7821	2
13	183.7939	2
26	183.2365	2
1	181.9852	2
11	181.2249	2
1	180.201	2
10	179.3082	2
1	179.3082	2
13	179.3082	2
13	174.7604	2
12	171.1987	2
23	171.1253	2
23	169.0116	2
10	168.3819	2
23	168.3546	2
9	159.3851	2
14	159.3851	2
9	157.4156	2
8	152.1497	2
1	151.7244	2
7	151.7204	2
21	151.5345	2
10	151.4158	2
7	151.4158	2
17	149.86	2
12	149.0707	2
22	148.8489	2
7	148.5654	2
9	147.3951	2
12	145.8889	2
20	145.195	2
10	142.0646	2
6	140.7584	2
7	139.4619	2
9	139.4619	2
8	139.4619	2
11	138.8561	2
1	135.7602	2
8	134.8147	2
12	134.5708	2
1	132.103	2
15	130.7752	2
9	127.508	2
12	126.9857	2
24	123.5234	2
30	120.3874	2
13	119.5388	2
7	119.5388	2
7	119.5388	2
8	119.5388	2
1	119.5388	2
7	119.5388	2
11	119.5388	2
9	119.5388	2
30	119.5388	2
9	115.9629	2
1	115.7718	2
8	115.646	2
10	115.5542	2
25	115.5408	2
18	114.8859	2
16	114.4205	2
6	112.9106	2
24	112.1376	2
9	111.5695	2
9	110.69	2
7	108.7365	2
8	106.4804	2
8	105.5926	2
12	105.5176	2
11	105.3559	2
9	104.1227	2
7	103.6003	2
17	103.0065	2
13	102.08	2
7	102.0617	2
23	101.608	2
18	99.6157	2
11	99.6157	2
9	99.6157	2
5	99.6157	2
8	99.6157	2
7	99.6157	2
15	99.6157	2
9	99.6157	2
19	99.6157	2
3	99.6157	2
4	97.0036	2
1	94.9628	2
5	94.8781	2
8	93.5386	2
1	93.2156	2
16	93.1884	2
18	92.9875	2
5	92.8451	2
7	92.144	2
14	91.5635	2
16	88.7475	2
9	88.1576	2
14	87.1681	2
1	86.2996	2
7	85.6695	2
1	84.414	2
15	84.0491	2
7	83.6772	2
13	83.6772	2
6	82.9086	2
6	82.3088	2
10	79.6925	2
7	79.6925	2
7	79.6925	2
8	79.6925	2
1	79.6925	2
1	79.6925	2
1	79.6925	2
9	79.6925	2
9	79.6925	2
5	79.6925	2
9	79.6925	2
7	79.6925	2
1	79.6925	2
5	79.6925	2
6	79.6925	2
1	79.6925	2
8	79.6925	2
8	79.6925	2
16	79.6925	2
6	79.6925	2
8	79.6925	2
6	79.6925	2
9	79.6925	2
9	79.6925	2
6	79.6925	2
10	79.6925	2
8	79.6925	2
6	79.6925	2
5	79.6925	2
8	79.6925	2
5	79.6925	2
11	79.6925	2
14	75.3616	2
5	73.2507	2
20	71.7233	2
17	70.9796	2
5	64.7502	2
8	64.292	2
13	61.7617	2
13	60.12	2
7	59.7694	2
7	59.7694	2
1	59.7694	2
7	59.7694	2
7	59.7694	2
8	59.7694	2
6	59.7694	2
7	59.7694	2
1	59.7694	2
6	59.7694	2
11	59.7694	2
6	59.7694	2
6	59.7694	2
5	59.7694	2
3	59.7694	2
8	59.7694	2
6	59.7694	2
13	59.7694	2
1	59.7694	2
4	59.7694	2
4	59.7694	2
13	59.7694	2
5	59.7694	2
6	59.7694	2
5	59.7694	2
5	59.7694	2
5	59.7694	2
5	59.7694	2
5	59.7694	2
5	59.7694	2
6	59.7694	2
8	59.7694	2
18	59.7694	2
1	59.7694	2
11	59.7694	2
10	59.7694	2
13	59.7694	2
1	59.7694	2
13	59.7694	2
12	59.2557	2
3	58.2166	2
5	57.6201	2
4	57.1467	2
1	56.9125	2
1	56.9125	2
12	55.7674	2
5	55.7056	2
12	55.5474	2
4	55.5456	2
4	53.5749	2
6	53.1584	2
6	52.5572	2
5	51.807	2
5	50.3799	2
5	49.6626	2
4	49.648	2
12	49.3891	2
4	48.5795	2
12	47.8155	2
6	46.5355	2
4	46.3032	2
5	46.2113	2
6	46.0497	2
6	45.8232	2
10	45.6855	2
4	45.4946	2
5	45.105	2
5	44.3144	2
5	44.1162	2
7	43.8309	2
5	43.8033	2
5	42.8347	2
5	42.3704	2
7	42.1776	2
11	41.8386	2
6	41.8386	2
7	41.8386	2
5	41.8386	2
3	41.8386	2
4	41.8386	2
10	41.8386	2
7	41.8386	2
6	40.0001	2
3	39.9479	2
1	39.8463	2
14	39.8463	2
5	39.8463	2
4	39.8463	2
5	39.8463	2
6	39.8463	2
5	39.8463	2
4	39.8463	2
5	39.8463	2
4	39.8463	2
6	39.8463	2
1	39.8463	2
5	39.8463	2
5	39.8463	2
1	39.8463	2
5	39.8463	2
5	39.8463	2
5	39.8463	2
3	39.8463	2
4	39.8463	2
1	39.8463	2
1	39.8463	2
1	39.8463	2
1	39.8463	2
7	39.8463	2
5	39.8463	2
6	39.8463	2
5	39.8463	2
1	39.8463	2
12	39.8463	2
10	39.8463	2
9	39.8463	2
4	39.8463	2
5	39.8463	2
4	39.8463	2
3	39.8463	2
6	39.8463	2
6	39.8463	2
5	39.8463	2
5	39.8463	2
9	39.8463	2
6	39.8463	2
9	39.8463	2
6	39.8463	2
4	39.8463	2
1	39.8463	2
1	39.8463	2
5	39.8463	2
7	39.8463	2
1	39.8463	2
6	39.8463	2
1	39.8463	2
7	39.8463	2
1	39.8463	2
4	39.8463	2
6	39.8463	2
15	39.8463	2
6	39.8463	2
4	39.8463	2
1	39.8463	2
4	39.8463	2
3	39.8463	2
4	39.8463	2
1	39.8463	2
4	39.8463	2
1	39.8463	2
1	39.8463	2
5	39.8463	2
5	39.8463	2
6	39.8463	2
4	39.8463	2
1	39.8463	2
6	39.8463	2
7	39.8463	2
4	39.8463	2
4	39.8463	2
6	39.8463	2
5	39.8463	2
5	39.8463	2
4	39.8463	2
5	39.8463	2
4	39.8463	2
4	39.8463	2
5	39.8463	2
1	39.8463	2
4	39.8463	2
6	39.8463	2
5	39.8463	2
5	39.8463	2
4	39.8463	2
6	39.8463	2
7	39.8463	2
1	39.8463	2
4	39.8463	2
5	39.8463	2
4	39.8463	2
6	39.8463	2
3	39.8463	2
9	39.8463	2
3	39.8463	2
12	39.8463	2
12	39.8463	2
6	39.8463	2
9	39.8463	2
1	39.8463	2
9	39.8463	2
15	39.8463	2
14	39.8463	2
1	39.8463	2
9	39.8463	2
14	39.8463	2
11	39.8463	2
10	39.8463	2
19	39.8463	2
10	39.8463	2
8	39.8463	2
19	39.8463	2
5	39.8463	2
11	39.8463	2
18	39.0864	2
10	38.4497	2
4	38.0205	2
4	37.8577	2
4	36.4665	2
10	34.7793	2
3	34.0831	2
1	34.0692	2
4	33.7613	2
4	32.927	2
3	31.759	2
4	31.5716	2
2	31.5077	2
9	31.4796	2
5	29.8847	2
3	29.852	2
4	28.1365	2
3	24.6983	2
4	24.1771	2
4	23.9078	2
12	23.9078	2
3	23.9078	2
24	23.4954	2
4	23.4321	2
4	23.0116	2
12	21.9154	2
4	21.9154	2
3	21.9154	2
3	21.9154	2
11	21.9154	2
4	21.9154	2
8	21.9154	2
6	21.6439	2
2	21.1757	2
3	21	2
6	20.9193	2
6	20.5801	2
11	20.4029	2
6	20.2945	2
10	20.2553	2
9	20.1144	2
8	20.0221	2
5	20	2
3	19.9231	2
5	19.9231	2
3	19.9231	2
5	19.9231	2
8	19.9231	2
4	19.9231	2
7	19.9231	2
4	19.9231	2
3	19.9231	2
4	19.9231	2
2	19.9231	2
12	19.9231	2
3	19.9231	2
2	19.9231	2
3	19.9231	2
3	19.9231	2
4	19.9231	2
11	19.9231	2
4	19.9231	2
3	19.9231	2
4	19.9231	2
4	19.9231	2
3	19.9231	2
3	19.9231	2
3	19.9231	2
4	19.9231	2
4	19.9231	2
5	19.9231	2
4	19.9231	2
3	19.9231	2
3	19.9231	2
3	19.9231	2
3	19.9231	2
8	19.9231	2
3	19.9231	2
16	19.9231	2
3	19.9231	2
13	19.9231	2
3	19.9231	2
8	19.9231	2
2	19.9231	2
1	19.9231	2
5	19.9231	2
5	19.9231	2
2	19.9231	2
4	19.9231	2
3	19.9231	2
4	19.9231	2
4	19.9231	2
6	19.9231	2
3	19.9231	2
14	19.9231	2
2	19.9231	2
3	19.9231	2
4	19.9231	2
8	19.9231	2
5	19.9231	2
3	19.9231	2
6	19.9231	2
4	19.9231	2
4	19.9231	2
3	19.9231	2
4	19.9231	2
3	19.9231	2
3	19.9231	2
2	19.9231	2
4	19.9231	2
4	19.9231	2
3	19.9231	2
3	19.9231	2
3	19.9231	2
10	19.9231	2
5	19.9231	2
2	19.9231	2
4	19.9231	2
3	19.9231	2
5	19.9231	2
5	19.9231	2
4	19.9231	2
3	19.9231	2
4	19.9231	2
4	19.9231	2
4	19.9231	2
5	19.9231	2
3	19.9231	2
2	19.9231	2
4	19.9231	2
1	19.9231	2
2	19.9231	2
3	19.9231	2
3	19.9231	2
4	19.9231	2
3	19.9231	2
4	19.9231	2
8	19.9231	2
3	19.9231	2
3	19.9231	2
4	19.9231	2
4	19.9231	2
4	19.9231	2
6	19.9231	2
3	19.9231	2
7	19.9231	2
3	19.9231	2
3	19.9231	2
2	19.9231	2
3	19.9231	2
4	19.9231	2
7	19.9231	2
4	19.9231	2
2	19.9231	2
4	19.9231	2
3	19.9231	2
4	19.9231	2
4	19.9231	2
9	19.9231	2
7	19.9231	2
3	19.9231	2
5	19.9231	2
3	19.9231	2
3	19.9231	2
4	19.9231	2
4	19.9231	2
4	19.9231	2
4	19.9231	2
4	19.9231	2
4	19.9231	2
6	19.9231	2
2	19.9231	2
5	19.9231	2
3	19.9231	2
3	19.9231	2
3	19.9231	2
1	19.9231	2
5	19.9231	2
3	19.9231	2
5	19.9231	2
3	19.9231	2
3	19.9231	2
3	19.9231	2
3	19.9231	2
2	19.9231	2
2	19.9231	2
5	19.9231	2
3	19.9231	2
10	19.9231	2
5	19.9231	2
4	19.9231	2
4	19.9231	2
2	19.9231	2
3	19.9231	2
2	19.9231	2
4	19.9231	2
3	19.9231	2
4	19.9231	2
5	19.9231	2
2	19.9231	2
1	19.9231	2
4	19.9231	2
3	19.9231	2
3	19.9231	2
4	19.9231	2
5	19.9231	2
5	19.9231	2
1	19.9231	2
2	19.9231	2
3	19.9231	2
4	19.9231	2
4	19.9231	2
4	19.9231	2
3	19.9231	2
4	19.9231	2
4	19.9231	2
4	19.9231	2
4	19.9231	2
3	19.9231	2
4	19.9231	2
1	19.9231	2
3	19.9231	2
8	19.9231	2
2	19.9231	2
4	19.9231	2
14	19.9231	2
3	19.9231	2
3	19.9231	2
14	19.9231	2
1	19.9231	2
3	19.9231	2
3	19.9231	2
3	19.9231	2
4	19.9231	2
7	19.9231	2
4	19.9231	2
3	19.9231	2
3	19.9231	2
2	19.9231	2
2	19.9231	2
4	19.9231	2
3	19.9231	2
7	19.9231	2
4	19.9231	2
3	19.9231	2
3	19.9231	2
3	19.9231	2
3	19.9231	2
3	19.9231	2
3	19.9231	2
3	19.9231	2
4	19.9231	2
6	19.9231	2
2	19.9231	2
4	19.9231	2
8	19.9231	2
3	19.9231	2
4	19.9231	2
3	19.9231	2
2	19.9231	2
2	19.9231	2
4	19.9231	2
4	19.9231	2
5	19.9231	2
3	19.9231	2
9	19.9231	2
8	19.9231	2
5	19.9231	2
2	19.9231	2
3	19.9231	2
3	19.9231	2
7	19.9231	2
4	19.9231	2
4	19.9231	2
4	19.9231	2
3	19.9231	2
3	19.9231	2
7	19.9231	2
3	19.9231	2
1	19.9231	2
2	19.9231	2
3	19.9231	2
3	19.9231	2
25	19.9231	2
7	19.9231	2
1	19.9231	2
6	19.9231	2
5	19.9231	2
1	19.9231	2
4	19.9231	2
1	19.9231	2
2	19.9231	2
2	19.9231	2
3	19.9231	2
4	19.9231	2
3	19.9231	2
2	19.9231	2
3	19.9231	2
3	19.9231	2
3	19.9231	2
6	19.9231	2
2	19.9231	2
3	19.9231	2
3	19.9231	2
4	19.9231	2
5	19.9231	2
3	19.9231	2
1	19.9231	2
3	19.9231	2
4	19.9231	2
3	19.9231	2
3	19.9231	2
3	19.9231	2
7	19.9231	2
4	19.9231	2
3	19.9231	2
5	19.9231	2
2	19.9231	2
3	19.9231	2
5	19.9231	2
3	19.9231	2
4	19.9231	2
1	19.9231	2
3	19.9231	2
7	19.9231	2
4	19.9231	2
3	19.9231	2
2	19.9231	2
4	19.9231	2
5	19.9231	2
2	19.9231	2
3	19.9231	2
3	19.9231	2
14	19.9231	2
2	19.9231	2
5	19.9231	2
4	19.9231	2
3	19.9231	2
3	19.9231	2
3	19.9231	2
3	19.9231	2
4	19.9231	2
3	19.9231	2
2	19.9231	2
4	19.9231	2
3	19.9231	2
4	19.9231	2
2	19.9231	2
2	19.9231	2
3	19.9231	2
3	19.9231	2
4	19.9231	2
2	19.9231	2
6	19.9231	2
3	19.9231	2
3	19.9231	2
5	19.9231	2
4	19.9231	2
2	19.9231	2
2	19.9231	2
3	19.9231	2
3	19.9231	2
4	19.9231	2
2	19.9231	2
6	19.9231	2
3	19.9231	2
8	19.9231	2
4	19.9231	2
4	19.9231	2
2	19.9231	2
3	19.9231	2
4	19.9231	2
2	19.9231	2
1	19.9231	2
1	19.9231	2
2	19.9231	2
2	19.9231	2
3	19.9231	2
4	19.9231	2
3	19.9231	2
1	19.9231	2
10	19.9231	2
4	19.9231	2
4	19.9231	2
4	19.9231	2
5	19.9231	2
2	19.9231	2
3	19.9231	2
1	19.9231	2
1	19.9231	2
3	19.9231	2
5	19.9231	2
4	19.9231	2
3	19.9231	2
2	19.9231	2
4	19.9231	2
3	19.9231	2
3	19.9231	2
7	19.9231	2
2	19.9231	2
3	19.9231	2
2	19.9231	2
1	19.9231	2
5	19.9231	2
3	19.9231	2
4	19.9231	2
5	19.9231	2
4	19.9231	2
4	19.9231	2
3	19.9231	2
4	19.9231	2
6	19.9231	2
2	19.9231	2
2	19.9231	2
3	19.9231	2
4	19.9231	2
3	19.9231	2
4	19.9231	2
2	19.9231	2
2	19.9231	2
4	19.9231	2
3	19.9231	2
17	19.9231	2
4	19.9231	2
3	19.9231	2
4	19.9231	2
4	19.9231	2
3	19.9231	2
2	19.9231	2
3	19.9231	2
2	19.9231	2
3	19.9231	2
3	19.9231	2
2	19.9231	2
3	19.9231	2
4	19.9231	2
3	19.9231	2
4	19.9231	2
5	19.9231	2
3	19.9231	2
4	19.9231	2
9	19.9231	2
4	19.9231	2
24	19.9231	2
3	19.9231	2
3	19.9231	2
3	19.9231	2
4	19.9231	2
8	19.9231	2
3	19.9231	2
3	19.9231	2
1	19.9231	2
11	19.9231	2
1	19.9231	2
3	19.9231	2
2	19.9231	2
3	19.9231	2
2	19.9231	2
3	19.9231	2
4	19.9231	2
3	19.9231	2
4	19.9231	2
9	19.9231	2
4	19.9231	2
4	19.9231	2
14	19.9231	2
2	19.9231	2
3	19.9231	2
7	19.9231	2
2	19.9231	2
3	19.9231	2
3	19.9231	2
3	19.9231	2
3	19.9231	2
3	19.9231	2
4	19.9231	2
7	19.9231	2
3	19.9231	2
4	19.9231	2
3	19.9231	2
9	19.9231	2
3	19.9231	2
4	19.9231	2
7	19.9231	2
3	19.9231	2
2	19.9231	2
3	19.9231	2
1	19.9231	2
2	19.9231	2
3	19.9231	2
4	19.9231	2
5	19.9231	2
3	19.9231	2
5	19.9231	2
6	19.9231	2
7	19.9231	2
2	19.9231	2
4	19.9231	2
6	19.9231	2
2	19.9231	2
7	19.9231	2
4	19.9231	2
2	19.9231	2
7	19.9231	2
2	19.9231	2
5	19.9231	2
5	19.9231	2
2	19.9231	2
6	19.9231	2
5	19.9231	2
6	19.9231	2
4	19.9231	2
4	19.9231	2
5	19.9231	2
6	19.9231	2
2	19.9231	2
10	19.9231	2
12	19.9231	2
5	19.9231	2
9	19.9231	2
7	19.9231	2
4	19.9231	2
6	19.9231	2
10	19.9231	2
12	19.9231	2
2	19.9231	2
3	19.9231	2
9	19.9231	2
9	19.9231	2
10	19.9231	2
10	19.9231	2
9	19.9231	2
2	19.9231	2
5	19.9231	2
5	19.9231	2
7	19.9231	2
5	19.9231	2
7	19.9231	2
10	19.9231	2
2	19.9231	2
6	19.9231	2
6	19.9231	2
2	19.9231	2
5	19.9231	2
2	19.9231	2
9	19.9231	2
5	19.9231	2
5	19.9231	2
5	19.9231	2
2	19.9231	2
4	19.9231	2
9	19.9231	2
6	19.9231	2
6	19.9231	2
8	19.9231	2
6	19.9231	2
5	19.9231	2
2	19.9231	2
2	19.9231	2
6	19.9231	2
4	19.9231	2
2	19.9231	2
8	19.9231	2
5	19.9231	2
5	19.9231	2
9	19.9231	2
2	19.9231	2
5	19.9231	2
13	19.9231	2
2	19.9231	2
3	19.9231	2
2	19.9231	2
4	19.9231	2
4	19.9231	2
8	19.9231	2
6	19.9231	2
8	19.9231	2
8	19.9231	2
9	19.9231	2
8	19.9231	2
7	19.9231	2
5	19.9231	2
10	19.9231	2
6	19.9231	2
11	19.9231	2
6	19.9231	2
9	19.9231	2
10	19.9231	2
2	19.9231	2
5	19.9231	2
5	19.9231	2
4	19.9231	2
9	19.9231	2
5	19.9231	2
7	19.9231	2
11	19.9231	2
2	19.9231	2
6	19.9231	2
5	19.9231	2
4	19.9231	2
5	19.9231	2
5	19.9231	2
2	19.9231	2
9	19.9231	2
2	19.9231	2
10	19.9231	2
7	19.9231	2
6	19.9231	2
2	19.9231	2
9	19.9231	2
10	19.9231	2
4	19.9231	2
12	19.9231	2
2	19.9231	2
5	19.9231	2
4	19.9231	2
6	19.9231	2
5	19.9231	2
2	19.9231	2
4	19.9231	2
7	19.9231	2
9	19.9231	2
4	19.9231	2
5	19.9231	2
8	19.9231	2
2	19.9231	2
6	19.9231	2
9	19.9231	2
2	19.9231	2
9	19.9231	2
5	19.9231	2
2	19.9231	2
8	19.9231	2
7	19.9231	2
9	19.9231	2
6	19.9231	2
4	19.9231	2
9	19.9231	2
2	19.9231	2
8	19.9231	2
3	19.9231	2
2	19.9231	2
4	19.9231	2
2	19.9231	2
4	19.9231	2
2	19.9231	2
9	19.9231	2
5	19.9231	2
5	19.9231	2
4	19.9231	2
7	19.9231	2
9	19.9231	2
11	19.9231	2
5	19.9231	2
4	19.9231	2
9	19.9231	2
9	19.9231	2
9	19.9231	2
8	19.9231	2
8	19.9231	2
28	19.9231	2
5	19.9231	2
8	19.9231	2
6	19.9231	2
7	19.9231	2
8	19.9231	2
1	19.9231	2
7	19.9231	2
8	19.9231	2
20	19.9231	2
1	19.9231	2
9	19.9231	2
18	19.9231	2
9	19.9231	2
25	19.9231	2
3	19.9231	2
5	19.9231	2
9	19.9231	2
5	19.9231	2
8	19.9231	2
8	19.9231	2
6	19.9231	2
8	19.9231	2
7	19.9231	2
8	19.9231	2
14	19.9231	2
13	19.9231	2
22	19.9231	2
5	19.9231	2
8	19.9231	2
6	19.9231	2
8	19.9231	2
21	19.9231	2
6	19.9231	2
9	19.9231	2
8	19.9231	2
5	19.9231	2
4	19.9231	2
5	19.9231	2
14	19.9231	2
10	19.9231	2
7	19.9231	2
5	19.9231	2
5	19.9231	2
8	19.9231	2
9	19.9231	2
5	19.9231	2
5	19.9231	2
5	19.9231	2
1	19.9231	2
8	19.9231	2
3	19.9231	2
8	19.9231	2
6	19.9231	2
9	19.9231	2
13	19.9231	2
23	19.9231	2
9	19.9231	2
8	19.9231	2
5	19.9231	2
22	19.9231	2
7	19.9231	2
5	19.9231	2
10	19.9231	2
8	19.9231	2
8	19.9231	2
10	19.9231	2
7	19.9231	2
6	19.9231	2
6	19.9231	2
8	19.9231	2
11	19.9231	2
6	19.9231	2
7	19.9231	2
5	19.9231	2
4	19.9231	2
7	19.9231	2
5	19.9231	2
7	19.9231	2
5	19.9231	2
8	19.9231	2
6	19.9231	2
13	19.9231	2
7	19.9231	2
5	19.9231	2
8	19.9231	2
6	19.9231	2
5	19.9231	2
6	19.5432	2
13	19.5432	2
8	19.5432	2
8	19.5432	2
4	18.5175	2
3	18.3667	2
4	18.261	2
11	17.9308	2
4	17.9066	2
2	17.8619	2
3	17.6769	2
4	17.4307	2
5	17.3502	2
2	16.6889	2
4	15.8772	2
5	15.8198	2
1	15.7373	2
5	15.1603	2
3	14.888	2
4	13.9462	2
4	13.5709	2
7	13.1511	2
11	13.0081	2
6	12.9003	2
4	12.2308	2
3	11.5443	2
3	11.5341	2
3	11.4122	2
3	11.3608	2
5	11.0655	2
3	10.9577	2
4	10.8986	2
7	10.2849	2
3	9.9616	2
1	8.9832	2
2	8.0595	2
3	8.0586	2
1	7.7362	2
3	7.5925	2
3	7.5268	2
4	7.4288	2
2	7.4166	2
3	6.4138	2
1	6.3409	2
2	6.0877	2
1	5.9769	2
3	5.9769	2
2	5.6317	2
2	5.6198	2
1	5.5463	2
1	5.4222	2
2	4.9808	2
1	4.8502	2
4	4.7742	2
2	4.6652	2
2	4.2748	2
2	4.2743	2
1	4.2255	2
10	4.2092	2
2	4.1743	2
1	4.1494	2
2	4	2
3	4	2
1	3.9846	2
2	3.9846	2
1	3.9846	2
1	3.9846	2
2	3.9846	2
2	3.9846	2
1	3.9846	2
2	3.9846	2
1	3.9846	2
2	3.9846	2
6	3.9846	2
5	3.8779	2
1	3.7533	2
1	3.4315	2
1	3.1214	2
1	3.0446	2
1	2.1046	2
1	2.1046	2
1	2.0332	2
1	2	2
1	2	2
1	2	2
1	2	2
2	2	2
1	2	2
1	2	2
1	2	2
1	2	2
1	2	2
1	2	2
1	2	2
1	2	2
1	2	2
1	2	2
2	2	2
1	2	2
1	2	2
2	2	2
1	2	2
1	2	2
1	2	2
1	2	2
1	2	2
2	2	2
1	2	2
1	2	2
1	2	2
4	2	2
1	2	2
1	2	2
1	2	2
1	2	2
1	2	2
1	2	2
2	2	2
1	2	2
1	2	2
1	2	2
1	2	2
1	2	2
2	2	2
1	2	2
1	2	2
2	2	2
1	2	2
1	2	2
1	2	2
1	2	2
1	2	2
1	2	2
2	2	2
1	2	2
3	2	2
3	2	2
3	2	2
2	2	2
3	2	2
3	2	2
2	2	2
2	2	2
3	2	2
1	2	2
2	2	2
3	2	2
1	2	2
2	2	2
3	2	2
2	2	2
1	2	2
2	2	2
2	2	2
3	2	2
2	2	2
1	2	2
1	2	2
2	2	2
1	2	2
1	2	2
8	2	2
3	2	2
2	2	2
5	2	2
9	2	2
2	2	2
2	2	2
1	2	2
3	2	2
5	2	2
2	2	2
1	2	2
7	2	2
1	1.9923	2
1	1.9923	2
1	1.9923	2
1	1.9923	2
1	1.9923	2
1	1.9923	2
1	1.9923	2
1	1.9923	2
1	1.9923	2
1	1.9923	2
1	1.9923	2
2	1.9923	2
1	1.9923	2
1	1.9923	2
2	1.9923	2
1	1.9923	2
1	1.9923	2
1	1.9923	2
1	1.9923	2
1	1.9923	2
1	1.9923	2
1	1.9923	2
1	1.9923	2
1	1.9923	2
1	1.9923	2
1	1.9923	2
1	1.9923	2
1	1.9923	2
1	1.9923	2
2	1.9923	2
1	1.9923	2
1	1.9923	2
1	1.9923	2
1	1.9923	2
3	1.9923	2
1	1.9923	2
1	1.9923	2
1	1.9923	2
1	1.9923	2
1	1.9923	2
1	1.9923	2
2	1.9923	2
2	1.9923	2
1	1.9923	2
1	1.9923	2
1	1.9923	2
1	1.9923	2
1	1.9923	2
2	1.9923	2
1	1.9923	2
1	1.9923	2
1	1.9923	2
1	1.9923	2
1	1.9923	2
2	1.9923	2
1	1.9923	2
2	1.9923	2
1	1.9923	2
1	1.9923	2
1	1.9923	2
1	1.9923	2
2	1.9923	2
1	1.9923	2
2	1.9923	2
1	1.9923	2
1	1.9923	2
1	1.9923	2
1	1.9923	2
1	1.9923	2
1	1.9923	2
1	1.9923	2
1	1.9923	2
1	1.9923	2
2	1.9923	2
1	1.9923	2
3	1.9923	2
2	1.9923	2
2	1.9923	2
1	1.9923	2
1	1.9923	2
1	1.9923	2
1	1.9923	2
1	1.9923	2
1	1.9923	2
3	1.9923	2
3	1.9923	2
1	1.9923	2
1	1.9923	2
1	1.9923	2
1	1.9923	2
2	1.9923	2
3	1.9923	2
1	1.9923	2
1	1.9923	2
1	1.9923	2
1	1.9923	2
1	1.9923	2
1	1.9923	2
2	1.9923	2
1	1.9923	2
1	1.9923	2
1	1.9923	2
1	1.9923	2
1	1.9923	2
1	1.9923	2
1	1.9923	2
1	1.9923	2
1	1.9923	2
1	1.9923	2
1	1.9923	2
3	1.9923	2
1	1.9923	2
1	1.9923	2
1	1.9923	2
1	1.9923	2
1	1.9923	2
1	1.9923	2
1	1.9923	2
1	1.9923	2
1	1.9923	2
1	1.9923	2
1	1.9923	2
1	1.9923	2
2	1.9923	2
1	1.9923	2
1	1.9923	2
1	1.9923	2
1	1.9923	2
1	1.9923	2
1	1.9923	2
1	1.9923	2
1	1.9923	2
3	1.9923	2
3	1.9923	2
1	1.9923	2
1	1.9923	2
1	1.9923	2
2	1.9923	2
3	1.9923	2
2	1.9923	2
2	1.9923	2
1	1.9923	2
1	1.9923	2
1	1.9923	2
1	1.9923	2
2	1.9923	2
2	1.9923	2
3	1.9923	2
3	1.9923	2
1	1.9923	2
2	1.9923	2
2	1.9923	2
2	1.9923	2
3	1.9923	2
2	1.9923	2
3	1.9923	2
2	1.9923	2
1	1.9923	2
1	1.9923	2
1	1.9923	2
2	1.9923	2
3	1.9923	2
1	1.9923	2
2	1.9923	2
2	1.9923	2
1	1.9923	2
1	1.9923	2
3	1.9923	2
2	1.9923	2
2	1.9923	2
2	1.9923	2
3	1.9923	2
2	1.9923	2
1	1.9923	2
2	1.9923	2
3	1.9923	2
2	1.9923	2
2	1.9923	2
3	1.9923	2
2	1.9923	2
1	1.9923	2
1	1.9923	2
3	1.9923	2
3	1.9923	2
2	1.9923	2
1	1.9923	2
1	1.9923	2
1	1.9923	2
3	1.9923	2
2	1.9923	2
2	1.9923	2
2	1.9923	2
1	1.9923	2
10	1.9923	2
1	1.9923	2
1	1.9923	2
8	1.9923	2
2	1.9923	2
2	1.9923	2
6	1.9923	2
2	1.9923	2
3	1.9923	2
2	1.9923	2
8	1.9923	2
3	1.9923	2
2	1.9923	2
2	1.9923	2
2	1.9923	2
1	1.9923	2
3	1.9923	2
1	1.6879	2
1	1.562	2
1	1.4194	2
1	1.2701	2
1	1.227	2
1	1.2121	2
1	1.1203	2
1	0.9856	2
2	0.9847	2
1	0.9115	2
2	0.9115	2
2	0.908	2
2	0.9045	2
2	0.9011	2
1	0.8907	2
2	0.8398	2
1	0.75	2
1	0.7461	2
1	0.7329	2
1	0.7329	2
1	0.7301	2
1	0.7272	2
1	0.7245	2
1	0.7245	2
1	0.7079	2
1	0.7077	2
1	0.6838	2
1	0.6666	2
1	0.6606	2
1	0.5676	2
1	0.5462	2
1	0.3823	2
1	0.3808	2
1	0.3808	2
1	0.3794	2
1	0.3794	2
1	0.3794	2
1	0.3794	2
1	0.3779	2
1	0.3779	2
1	0.3779	2
1	0.3779	2
1	0.3779	2
1	0.3764	2
1	0.3764	2
1	0.3764	2
1	0.3764	2
1	0.375	2
1	0.375	2
1	0.375	2
1	0.375	2
1	0.3736	2
1	0.3736	2
1	0.3736	2
1	0.3736	2
1	0.3721	2
1	0.3721	2
1	0.3721	2
1	0.3721	2
1	0.3721	2
1	0.3721	2
1	0.3721	2
1	0.3721	2
1	0.3721	2
1	0.3707	2
1	0.3707	2
1	0.3707	2
1	0.3707	2
1	0.3707	2
1	0.3707	2
3	0.3707	2
2	0.3707	2
1	0.3707	2
1	0.3693	2
1	0.3693	2
1	0.3693	2
1	0.3693	2
1	0.3693	2
1	0.3693	2
1	0.3693	2
1	0.3678	2
1	0.3678	2
1	0.3678	2
1	0.3678	2
1	0.3678	2
1	0.3678	2
1	0.3678	2
1	0.3678	2
1	0.3664	2
1	0.3664	2
1	0.3664	2
1	0.3664	2
1	0.3664	2
1	0.3664	2
1	0.3664	2
1	0.365	2
1	0.365	2
1	0.365	2
1	0.365	2
1	0.365	2
1	0.365	2
1	0.365	2
1	0.365	2
1	0.365	2
1	0.365	2
1	0.365	2
1	0.3636	2
3	0.3636	2
1	0.3636	2
1	0.3636	2
1	0.3636	2
1	0.3636	2
1	0.3636	2
1	0.3636	2
1	0.3636	2
1	0.3636	2
1	0.3636	2
1	0.3636	2
1	0.3636	2
1	0.3636	2
1	0.3636	2
1	0.3636	2
1	0.3636	2
1	0.3636	2
1	0.3636	2
1	0.3636	2
1	0.3636	2
1	0.3636	2
1	0.3636	2
1	0.3636	2
1	0.3636	2
1	0.3636	2
1	0.3636	2
1	0.3636	2
1	0.3636	2
1	0.3636	2
1	0.3636	2
2	0.3622	2
1	0.3622	2
1	0.3622	2
1	0.3622	2
1	0.3622	2
1	0.3622	2
1	0.3622	2
1	0.3622	2
1	0.3622	2
1	0.3622	2
1	0.3622	2
1	0.3622	2
1	0.3622	2
1	0.3622	2
1	0.3622	2
1	0.3622	2
1	0.3622	2
1	0.3622	2
1	0.3622	2
1	0.3622	2
1	0.3622	2
1	0.3622	2
1	0.3622	2
1	0.3622	2
1	0.3622	2
1	0.3622	2
1	0.3622	2
1	0.3622	2
1	0.354	2
1	0.354	2
1	0.3535	2
1	0.3508	2
1	0.3508	2
1	0.3494	2
1	0.3467	2
1	0.3454	2
1	0.3419	2
1	0.3414	2
1	0.3414	2
1	0.3398	2
1	0.3252	2
1	0.2886	2
1	0.2853	2
1	0.285	2
1	0.2408	2
1	0.237	2
1	0.2264	2
1	0.1566	2
1	0.143	2
1	0.143	2
1	0.143	2
1	0.143	2
1	0.143	2
1	0.143	2
1	0.1403	2
1	0.1331	2
1	0.1097	2
1	0.1092	2
1	0.1092	2
1	0.093	2
1	0.093	2
1	0.093	2
1	0.093	2
1	0.093	2
1	0.093	2
1	0.0927	2
1	0.0927	2
1	0.0927	2
1	0.0927	2
2	0.0927	2
1	0.0923	2
1	0.0923	2
1	0.092	2
1	0.092	2
1	0.0916	2
1	0.0916	2
1	0.0916	2
1	0.0913	2
1	0.0913	2
1	0.0913	2
1	0.0913	2
1	0.0913	2
1	0.0913	2
1	0.081	2
1	0.0451	2
1	0.041	2
1	0.041	2
1	0.0377	2
1	0.0358	2
1	0.0247	2
1	0.0194	2
1	0.0193	2
1	0.0124	2
1	0.0121	2
1	0.0062	2
1	0.0036	2
1	0.0001	2