18046.710976251412	
24052.194806322703	
17407.601358221298	
22749.678215884007	
19729.60048512285	
32688.94505058782	
21231.46843159355	
21338.434896055827	
16985.18325577096	
20701.036047458685	
29823.0917134036	
18701.49132458608	
23477.08690491417	
22805.73519017433	
23537.95685501304	
21636.12967420509	
20542.290196838916	
21330.416860860874	
21636.12967420509	
22896.118029378147	
21262.851103361478	
16906.24773184662	
21608.585197005592	
23203.570256274947	
20279.321904017495	
23363.622320599025	
22352.10691293924	
24403.207730302245	
21695.68357689875	
23753.371986780363	
20311.062091559434	
18330.77220308334	
23753.371986780363	
29823.0917134036	
20169.367116316007	
24240.82265751915	
20129.178873673027	
20140.423705932844	
29823.0917134036	
21428.79203254745	
22838.623177966	
21042.215946728986	
18082.8110915722	
18176.07779867941	
18298.45747471754	
29823.0917134036	
20576.472466720585	
20728.316818505213	
21804.402793580433	
18276.184062917473	
20507.047063508162	
29823.0917134036	
19098.885969024992	
20002.145241363905	
21679.662853754195	
18470.365935965503	
21832.972586512144	
20868.128439091804	
17738.814928649965	
18682.653652796558	
24430.07665605819	
23302.353031386167	
18944.019762027772	
21765.69711014893	
23042.604131378805	
21894.257970944243	
24431.962571963828	
23609.247769892474	
19755.627112375823	
17970.912540221965	
23643.43509662212	
17970.912540221965	
23239.81372531959	
23016.79728793888	
20184.73548415809	
20188.78382219506	
29823.0917134036	
23748.79919297619	
18645.890804667935	
22123.70045949582	
23264.146112353428	
18416.357303485933	
28220.165159804375	
21054.14154700639	
19990.068016143563	
17420.094569479865	
17681.593016524854	
21789.15315266037	
18141.057083255317	
17213.618035746244	
18750.971639055435	
18806.086982465677	
23880.566569078444	
18245.2588801749	
18385.362113461128	
22923.497458800815	
20703.50241547037	
21953.305949828293	
8471.652800548538	
22699.704452266877	
21134.565793661106	
21491.867226579176	
22751.415674866475	
16901.933011869332	
20150.81931478479	
18896.761879896152	
18896.761879896152	
20365.82382472676	
18078.06140213184	
29823.0917134036	
4586.1740193896385	
18416.357303485933	
6780.388810765499	
5974.636011100085	
4838.934574567829	
24193.506436293716	
17952.14842838036	
4727.558404813821	
5785.533370304163	
4956.38595883949	
5907.47480949048	
4586.1740193896385	
2600.1734155663476	
5371.801480941005	
5781.648015744241	
8321.37181429179	
4586.1740193896385	
5929.078471375574	
6546.511006380618	
6602.935469245551	
6571.690643614811	
8417.611242164792	
6562.046881265557	
5193.154914532866	
7451.232945854694	
8001.569517325619	
4103.657587299238	
7581.008226460384	
4227.01269208696	
5738.921051013715	
5350.085720177827	
6545.471344304644	
5265.6861108924595	
5050.112145264416	
7439.276511268035	
5447.593792727444	
5263.7520799864515	
5658.950657731629	
5317.586263477527	
5456.878457874872	
11500.32600558554	
5681.958294474481	
5764.104707923047	
6399.200982347719	
5944.974986256276	
5344.333545058478	
5781.2227206630405	
6561.893569261816	
7222.29246973276	
6560.979360453556	
6561.893569261816	
10805.505293644796	
7140.853650663388	
5699.714417750246	
6734.507586093584	
5311.512666794809	
5941.642747077477	
6826.385992211954	
7445.523797101997	
5892.608628876142	
6826.385992211954	
5701.026752099514	
7616.258369944526	
5935.230010500173	
6653.703008132243	
6652.0096157099515	
5932.531093861574	
6939.3835638479595	
4991.253064303129	
8492.570729356117	
5743.213899999148	
5270.869550627093	
4094.5584370742044	
6544.062892485694	
7205.928030765347	
3994.3354897137588	
4409.33257647657	
7121.462677376641	
5076.689295330295	
4704.105037809806	
6783.74482659673	
3682.1216672960486	
6680.27367365346	
5073.2384742287495	
5441.900818385206	
4685.470864391632	
4785.912142105439	
8329.131477751782	
11500.32600558554	
8506.534921819872	
4811.676714118862	
4807.932574554481	
4591.499637832505	
8329.131477751782	
3850.6208167654927	
6179.337144991503	
6381.3412816364735	
5552.832158743692	
3420.726762006456	
6201.886385568883	
634.1397824621339	
5838.859844713045	
8433.524015633273	
5378.893476387981	
3743.9507581082216	
3857.4656679190075	
3793.903316848684	
7352.89061398837	
8860.105426785156	
10430.90900823084	
11194.031582345091	
10313.396888843887	
9365.112130575848	
10408.734378074321	
7877.119972615822	
10408.734378074321	
7650.056052766013	
10449.86295110909	
10030.116450750611	
10443.343329487807	
8929.737902092398	
6971.328916511586	
10629.689179223884	
6346.608091046792	
5800.917380626886	
3757.4032336081036	
5732.015857725572	
3831.7532067975426	
5826.349913132594	
8731.866945870333	
5684.453514076195	
4808.334919064746	
3831.7532067975426	
5462.744372978018	
4391.227684654955	
6076.531013408702	
4378.290879908156	
4991.797166560675	
4162.80290888178	
5614.25503567822	
4414.328316583954	
3022.1262847145663	
4379.85947473104	
4186.415753106718	
9870.44265049779	
3510.8593130833588	
10507.328014413944	
10480.034856826498	
6971.328916511586	
10312.74073762351	
8698.136288611498	
6813.52129222334	
9761.797541672853	
10069.018941140665	
3509.005990993201	
5756.052625364741	
4794.509856361518	
9788.313311798103	
3678.4880386024415	
1644.1431366931508	
8540.872686184348	
1934.8080391909944	
1979.6324487666723	
1679.7330525486175	
9766.468936553132	
3434.585092510777	
6684.985831967381	
6971.328916511586	
1328.3467688194942	
2457.7807245719364	
6971.328916511586	
9012.343523132766	
10940.929787669791	
3075.338578895112	
1018.3739892989428	
2894.931823683312	
13321.513427189078	
2671.763716978537	
2166.7058101299017	
2614.3900521575897	
379.7759979147438	
9353.219538072877	
4534.933927962849	
939.5965016349512	
6943.638867000582	
6210.416224883622	
5236.459335793598	
6648.740676926977	
7051.296448754697	
6259.587646167186	
9199.577523036985	
5467.596282315674	
6229.384152447256	
7298.5586914229225	
9526.547668508989	
9717.822911365321	
9606.178379357629	
1688.1098056583146	
5915.106158040885	
2559.3734619365755	
6178.172197215607	
3495.8263312441964	
9526.547668508989	
1792.6118610391113	
5286.026714243699	
3083.3131709631157	
5334.11489923794	
4891.3365813267155	
4891.3365813267155	
5404.710204012562	
5531.174833036504	
3564.62200352231	
5044.2909647769175	
5959.707565172695	
5556.893300542592	
6319.578389253359	
8301.850938159363	
6318.374669738649	
5547.377837654245	
3859.345525282149	
12208.906576564708	
5927.125602379726	
4217.905987812782	
8208.276854358082	
8850.365455784728	
1949.005459412341	
6971.328916511586	
8508.976951456649	
8133.715519884366	
9687.92392586196	
4175.1181106367385	
10017.129207713271	
8242.14351583581	
8759.3589951776	
8655.960423973056	
9338.875825893676	
8584.094082937896	
9312.65389382751	
9200.911792181958	
8747.062016827167	
707.081875708327	
9111.19025729515	
8647.572768902824	
6971.328916511586	
1963.1049248679474	
9944.031254798187	
5458.3120687254695	
9972.499972248646	
6971.328916511586	
1831.8561628907037	
9465.269284644908	
11020.797718991253	
10726.642631305936	
7185.634494801324	
10437.524213871991	
11657.380496357979	
10451.348102292315	
4258.055226870571	
6879.988597550905	
12207.318772843673	
2932.4642710458156	
2824.6478843203163	
6847.019461821282	
9951.810433739802	
11801.151523639901	
11398.815789890228	
9665.52474934423	
11387.826778374792	
11229.560868649703	
11255.238547030784	
11902.387170820095	
4306.951829107472	
4379.789360463175	
9629.20375289717	
9645.355848060057	
9400.435130989741	
9464.420095133562	
9747.752797523348	
3425.4598550034166	
10030.116450750611	
9512.006689573256	
1433.4626903847497	
10030.116450750611	
7478.203908660112	
5231.886898582356	
6654.795991534641	
5571.755972757111	
3823.320002558163	
4771.502311883196	
4286.904265728438	
2860.075916882437	
3261.668875666773	
4656.058042095596	
6971.328916511586	
6971.328916511586	
5710.451939000274	
2993.95923698442	
10800.83816135588	
4698.156581892858	
10745.082186822536	
6971.328916511586	
2626.6397178518127	
8103.047697361661	
3323.0005181320776	
8581.839303935722	
8634.576570491061	
5592.675114706149	
2079.6907139760388	
6971.328916511586	
6634.247649255697	
2053.5425808999044	
10697.833625535464	
12115.121013816031	
5539.645551355523	
6971.328916511586	
2784.3387872549383	
4091.552745552291	
11688.90775160016	
8118.096835132219	
8849.767050377468	
11894.546804197587	
3508.276431571112	
8058.588512196332	
4893.598550251944	
4836.429690770997	
7842.527364307136	
5149.179794191567	
8362.266430874957	
4895.157904530996	
7864.675562598506	
7782.527118205811	
5571.804740878344	
8184.591829040096	
8074.903270493546	
8067.056678095696	
7963.579952944659	
7847.845323416232	
7651.275293783635	
7761.684131530459	
7737.3651046345985	
7727.091084879992	
7992.967332777991	
7287.432378375768	
7100.594176208448	
7330.109583482248	
7167.404337457173	
7656.976937910867	
7846.649536037905	
8250.07463514211	
7288.546996717611	
7474.633940670591	
2469.6772708580424	
2240.7663504443385	
2891.4470425792783	
2843.2074221904536	
6971.328916511586	
2944.2447600727187	
10537.36177307612	
5823.654610791786	
6004.208198001863	
2051.2731821399316	
9661.308634363559	
3100.98418808241	
3100.4203238139994	
1453.909200078765	
5337.66316255597	
1125.0913478176944	
5337.66316255597	
6115.785297253355	
5945.127064836968	
3014.296970946814	
965.3512989308986	
2118.3280442938444	
3550.9846895700853	
3624.3157352598287	
4916.088421432453	
2131.706118274162	
2257.5551992834544	
1923.7521428653752	
414.76457237921124	
2135.7242867954064	
4699.01173989491	
590.495339398074	
2165.209204279823	
3987.1909781740083	
3534.759372088511	
2372.6948239849003	
2388.0370151507304	
2362.785065134569	
2953.257007047641	
2094.671869210312	
4161.04996081955	
4111.603705970887	
1315.96484193035	
3622.7663764904078	
6336.176067375571	
3971.145287310338	
4001.900908847766	
3993.3460027581127	
3823.057597916447	
966.8421164096427	
2909.3591355331323	
5150.065395697944	
2942.5479497779343	
4365.8758832452995	
3321.4987491816764	
5359.299417940826	
2304.6446132020437	
1754.070423600711	
1582.3297224732523	
2248.392313495474	
2304.6446132020437	
2979.337336022146	
3648.7438035537884	
4035.248239914341	
2909.5173548048283	
3878.1418249744006	
5572.8136949126165	
3612.9223444171366	
3612.9223444171366	
4871.418883353792	
911.8999195867538	
2212.366697412772	
5415.444263338965	
2206.331056403305	
2257.5551992834544	
2304.6446132020437	
2105.3592766524075	
4215.576509890025	
1993.496639450879	
1002.9179476018852	
3404.066159757255	
3642.081672508132	
3544.9730384979043	
3783.2949782505552	
4036.5361791791815	
3460.715724521876	
3293.4199020411334	
2067.148519599293	
3290.3508357089822	
5348.107615580245	
2017.9371910760838	
6019.407514865937	
4302.429329087991	
2879.7665336611376	
3773.344508383404	
3290.3508357089822	
2067.148519599293	
1260.1143227855653	
4226.1841695344	
3132.438754088469	
3187.949848479358	
1756.4217984627892	
2887.097576120168	
5725.867338696242	
2077.4079862415647	
4097.8339150342745	
4274.080348007849	
1856.3077329961602	
1408.9375610929794	
1626.7925428226183	
2304.6446132020437	
2304.6446132020437	
1518.5001298678294	
1856.3077329961602	
6676.906315483801	
1562.7143261120907	
1840.4756264633368	
1404.206023740023	
1381.5543659290968	
1644.2846199398298	
1560.8569842233555	
1644.2846199398298	
1509.725322875376	
2304.6446132020437	
1644.2846199398298	
1606.7649727310868	
1477.7603701916755	
2956.1761778136247	
1092.4078100343063	
3308.616593563967	
3047.616443331807	
2822.2986215685282	
632.9373775734008	
4489.610036722523	
3047.616443331807	
3235.4950533168844	
2147.138000216413	
3460.4468374660228	
2365.169195702059	
3844.5588617793846	
2252.902742924981	
2091.408000765896	
1820.4195691441796	
2688.1370281531367	
2008.4982491847531	
4982.05877274392	
1799.3994718126053	
2182.5025399356346	
2375.6642022771252	
4917.7820038585705	
4807.0152720705555	
2291.827789247639	
2351.9358588801642	
2304.6446132020437	
6316.154334918443	
4544.805137274611	
4137.052875145543	
2470.892371864415	
318.8808503620578	
2304.6446132020437	
5248.5034383328	
2491.7994132167196	
2304.6446132020437	
5114.924218631248	
3336.4991912879354	
2304.6446132020437	
4967.1605348263265	
2304.6446132020437	
5164.4077914925765	
4451.11476058974	
2304.6446132020437	
3896.228820339604	
5164.4077914925765	
4592.235553789203	
4650.140071325752	
4469.339259203768	
2502.435521101865	
4444.461428131801	
3781.2103695265505	
5289.245772577749	
5143.795542305804	
3727.728452882182	
2935.8839120517314	
2304.6446132020437	
3962.738993643986	
2854.9662044551787	
2304.6446132020437	
4634.507957776	
2466.2206162101597	
2321.355824167651	
5336.258070669536	
2961.131469333696	
3490.1700509500456	
4992.471013908423	
2987.2366744320584	
5133.832796134902	
1136.9336663610536	
1078.5104900254557	
3416.631525687852	
1180.866431835072	
1927.7641924895706	
2304.6446132020437	
2477.703565001107	
1978.0433776986586	
1866.2883571229647	
1721.859747458667	
1150.991884385854	
1146.212572706376	
1143.1552398589024	
1368.0550952547435	
755.8890719109178	
3860.7685745336244	
2304.6446132020437	
4260.314240791886	
1807.8820647864404	
4307.122556878454	
1877.3367212746994	
4135.851269296965	
3920.6643397161724	
3640.278522243511	
3049.457183658674	
723.770388155143	
2929.461349866313	
6115.785297253355	
2617.963605725182	
6746.434695087184	
2457.055181737235	
3735.2269341574806	
3525.186705257776	
4297.7747476785735	
2349.385449640545	
2066.330286771622	
2066.330286771622	
3417.6606859209987	
8546.374757459585	
2392.852634208554	
8546.374757459585	
3417.6606859209987	
4502.176466705012	
2095.9318779849737	
4479.861006347576	
8546.374757459585	
2178.184733846703	
3327.0731628798476	
2604.6211668698775	
3355.6729031841783	
8546.374757459585	
2178.184733846703	
2062.0633653863715	
3083.2711365973496	
3827.90568757061	
1840.3800996592477	
2205.9555622940047	
1846.2044130215418	
4266.474999977577	
2151.4362444424514	
2221.830602641751	
1672.3191624173899	
2051.3875674796154	
2300.483364515827	
4522.947977813363	
2227.2455231910158	
1515.5902344009532	
3144.1098793740284	
3711.4585507892325	
1742.8974581900095	
1917.16885835651	
2379.3637416778597	
3195.2202850755093	
3309.608188751808	
3919.952735211649	
3973.61063752325	
2966.6878223655367	
2938.0486919843997	
4185.44901607953	
2727.0008969258542	
3018.3760058695952	
5576.721277235204	
8546.374757459585	
1390.9200492231166	
1725.3014382908314	
4630.642558694137	
3795.7281391503116	
8546.374757459585	
4643.139269281161	
4541.849006801262	
4576.497230232199	
459.50063328253225	
4967.902432783278	
1423.581983404655	
3454.3812883215146	
1784.8695697469961	
8546.374757459585	
3963.3265812865934	
5032.874158818961	
1961.0234776150398	
8546.374757459585	
2166.2209337511067	
1772.7408754205255	
4835.805608683676	
1799.1236845002104	
2051.487899778512	
7136.890095344118	
3305.4840797928637	
1961.0234776150398	
1961.0234776150398	
958.771842790617	
886.3825780694231	
4400.656550110865	
3451.9545059748157	
4038.3065926998993	
4396.101175122499	
3455.133611269569	
3581.362440126163	
2054.227487326573	
3805.2216584611147	
3911.0510659070674	
3514.4463376377184	
3861.294154899223	
3296.0734854888615	
3389.383105940435	
3958.041008050981	
4122.417798151492	
3368.827064616947	
3805.872881661587	
4399.556829436997	
3138.68415905453	
3918.7365510156324	
8546.374757459585	
3582.446775025625	
3003.22038842339	
3472.3089892051016	
3526.1224331079816	
987.2245167761217	
2579.309995548732	
3049.0361740532903	
3484.9280157677476	
3711.7469482203487	
4284.40852412738	
3434.2216542944093	
1930.500456185074	
3140.5530375839276	
995.7300654324318	
2903.7124241883494	
4530.879790659335	
3374.410043303832	
2815.3234652485876	
8546.374757459585	
2873.2606347788073	
3039.791789875786	
4670.412131860721	
4104.829459857446	
239.28690853054755	
2027.3888251721862	
8960.894827560709	
3346.581293938155	
2642.367182062485	
1096.667100260044	
4635.115488831856	
1304.3207661254824	
1269.2191512528918	
4739.96653279855	
1461.7488287268698	
2905.4904449324276	
4679.277466944563	
1672.5319010508738	
3852.5659942332736	
3630.5779051243785	
1410.4369846508685	
1990.3486632611205	
8546.374757459585	
1027.297571053538	
1961.0234776150398	
3628.9550565525146	
6478.702715379691	
1049.4086118413923	
3995.9161949008176	
3176.497192509773	
2275.9396680669956	
2512.7834544328084	
2228.570658938523	
4700.896708436328	
5840.935308681171	
2374.8421109585242	
5461.242205574214	
5550.928951093778	
3000.0452853627585	
2750.541197158786	
2333.916421964624	
8546.374757459585	
5550.928951093778	
2442.8957119182937	
8546.374757459585	
3072.7456168005438	
3349.010648480946	
1768.5493362909224	
2057.427179515918	
5458.719837209174	
2136.6942105036524	
5593.510588165014	
2800.5221401063905	
5697.1494529486345	
2953.126751482253	
1081.4479281942956	
1154.8820315606556	
5510.589760452111	
3444.4165421599914	
794.9705615818559	
1623.6670479766046	
4474.185748434059	
1734.7523957051467	
1172.1306881438363	
1494.884020759397	
1653.216131430009	
1772.5183971569504	
2434.2883209909023	
1105.8301819541387	
1856.682176626804	
1811.814665973657	
1322.1223462085932	
1692.943399031985	
1792.0375058573547	
1283.9849863446466	
1825.0820753135897	
3298.5317317692256	
2556.446029938514	
1506.777275701457	
3683.0724542041644	
2862.4740509749636	
3536.771910691091	
2965.060147348091	
6354.375827255341	
4282.93856772729	
2124.6775394672627	
2156.179259205033	
2372.5067105373246	
15445.16051815349	
1134.6916470189697	
926.1145433762922	
795.7151787005423	
3090.363758041953	
3362.1914720686177	
4697.341421747658	
770.1721662033763	
1730.222619131544	
2413.46667492839	
822.9054488389492	
822.9054488389492	
8546.374757459585	
8546.374757459585	
717.476367954051	
717.476367954051	
717.476367954051	
628.7827192203348	
8546.374757459585	
2200.5164223840097	
615.0473398392409	
682.6976052678446	
929.0204302653841	
196.13205121877044	
529.036176123506	
1088.954269298894	
1687.0924741276585	
1616.8310977963538	
1082.539909592016	
1819.2529702105887	
1860.9981297912116	
1917.1292392039848	
3423.596877014301	
1931.6254746936258	
1234.8436232540798	
1312.902724917981	
1559.4053490462636	
2490.508961697734	
2302.4656634415537	
2426.1412218247583	
3360.3001645258787	
2654.916041102565	
5430.215765957227	
8546.374757459585	
2300.002834772553	
498.44985803577293	
1907.327932098455	
8546.374757459585	
2864.6601125159254	
3974.6711286269497	
2796.5469822988653	
2053.5724963813504	
2192.3679912965854	
4235.023113853963	
2191.5474198766647	
2221.583778301904	
9114.835937783837	
8546.374757459585	
4108.020779690012	
2529.736155160204	
2266.4334902427067	
3243.1434210873713	
4127.082473699736	
3874.623674945965	
4086.8154997884744	
1818.6373403330017	
1583.6248214899595	
8546.374757459585	
3500.006397527702	
1690.1954406225295	
1685.6085003864912	
5846.141618168506	
1956.0513727855148	
3643.69461999313	
4119.684709749565	
3575.5789351795256	
2313.9167518922536	
8546.374757459585	
1482.998839571535	
4646.0024087683405	
1537.021253593759	
4655.496515075607	
1781.6615959231283	
1510.0925482446273	
1651.1193228407612	
1629.4381156213158	
2012.3853271432197	
2110.35628123505	
5261.829859030173	
3581.3052135607686	
19688.488769312527	
5286.81584482843	
5962.705007648785	
4664.545659646231	
5293.426575489934	
1705.1717345626644	
2614.8063438246973	
5329.789474756528	
1548.0713211799477	
2059.077757383381	
23401.86195023774	
29823.0917134036	
21202.513709694384	
21269.530050468922	
29823.0917134036	
29823.0917134036	
22749.678215884007	
20550.115207169965	
23796.033377906162	
22398.011037221127	
20118.277274335007	
22497.110748978146	
22504.25362450495	
23828.60752395227	
20729.73240069492	
21675.144963990497	
32655.906875387023	
17764.142659736688	
17402.488514314853	
20462.513037334153	
21636.12967420509	
18560.007463753722	
18526.106056800243	
23482.43894401711	
23378.419757087944	
20356.7126593724	
17350.0695661032	
22328.780233938214	
11662.99661637967	
18689.56989836447	
22689.64571124326	
22360.80856157879	
11662.99661637967	
20458.489043021855	
20030.38626442585	
20414.912923560132	
22799.060569047648	
20258.88641238658	
23316.30081463479	
21583.730346312183	
18782.002518277568	
22800.191134093304	
16834.538020214266	
21262.851103361478	
22863.54188523298	
24403.207730302245	
20175.219051873766	
19276.993628205462	
20174.68060528748	
18330.77220308334	
23426.77463643476	
17966.71244208244	
20251.584994142133	
29823.0917134036	
29823.0917134036	
17746.519690619698	
29823.0917134036	
29823.0917134036	
22717.882693292493	
20250.375868396968	
17445.13403802464	
18655.32724228346	
9999.344159970473	
20185.61385615495	
20573.360406722357	
20157.710953799018	
22734.77532164174	
20632.225565390145	
22433.91625125536	
21362.538124807925	
22810.124014228146	
21305.46274422287	
9102.347093133865	
16680.90138228949	
8858.582558691245	
17798.954532232063	
20799.585933832925	
17399.598751293088	
16680.90138228949	
18706.825246240813	
18706.825246240813	
16526.93415815371	
18833.735397716748	
17405.88666723826	
21763.237820616203	
18276.184062917473	
29823.0917134036	
21128.956432367966	
29823.0917134036	
20074.503756867533	
6685.54769860836	
20333.18496268907	
21544.987801695035	
29823.0917134036	
21522.06087980735	
21576.090263392358	
21621.927557770847	
21581.034542775295	
20422.654740564984	
21553.588142327015	
21526.3443794437	
21679.662853754195	
21179.434650844836	
20434.38700968437	
20471.8633672524	
19054.17296618177	
21832.972586512144	
17738.814928649965	
18711.29505948369	
18657.23157558979	
17479.767661141632	
21664.75462575929	
19465.328202998706	
21602.190123894787	
21238.916958143152	
24431.962571963828	
21901.366649818414	
23264.015160848827	
24035.85000831534	
20249.822443036042	
23609.247769892474	
20588.1678760978	
24185.256753481117	
20393.327855690797	
20170.839657377677	
20073.33448366608	
8269.641645805843	
22476.94043877639	
19687.4953766841	
29823.0917134036	
8269.641645805843	
18918.883105278324	
20140.4847978912	
21819.523496302092	
19990.068016143563	
18000.06602892262	
18478.10186237551	
19990.068016143563	
20922.4573934412	
18299.43546044129	
17470.998892630672	
29823.0917134036	
18412.39184990365	
18097.749531118272	
17677.89901095435	
29823.0917134036	
17572.617625470753	
21871.728462877832	
43728.17970921456	
17667.77420068769	
29823.0917134036	
21171.456192594047	
22777.829824123568	
18750.971639055435	
18420.73535165725	
22943.90447877965	
17652.036197748905	
18329.881950958283	
23815.466052247422	
17205.011055905758	
22229.872834305337	
22226.259082553424	
22267.014138727558	
18552.74994895888	
18212.941157007706	
19473.14518008897	
17809.09392204527	
22267.014138727558	
46834.73062962327	
17189.931491196752	
17564.890375319013	
21563.62646407193	
20133.673637828066	
19275.704376965186	
20906.958455355583	
21377.446991259458	
18170.309429668087	
17493.127472176435	
18158.47334227562	
18064.46412734242	
17712.538581787503	
17978.504762280445	
17575.763577827995	
17952.14842838036	
5429.441810623624	
17549.765214672112	
17631.320195723794	
17861.652816523543	
17671.460531172495	
4586.1740193896385	
5527.063116029543	
5463.561000702559	
5221.476115924317	
4643.929744363682	
4586.1740193896385	
4887.513647779424	
5447.593792727444	
5447.593792727444	
8230.881342805427	
4953.506324694956	
5320.854649960179	
5447.593792727444	
6779.570565474327	
8685.663887654433	
5786.128843935118	
6794.631332701011	
9063.197683645885	
6945.891135001949	
4753.128893688411	
8779.891453207143	
8201.537940867978	
8779.891453207143	
5142.897569170651	
8406.972099998471	
4065.0528455026215	
4129.4173519324395	
6571.690643614811	
6571.690643614811	
4129.4173519324395	
4873.466930773211	
7451.232945854694	
3784.638932825287	
5197.079165674448	
7451.232945854694	
7432.467932929659	
8194.500978944312	
7486.364743917092	
6199.9755417908145	
4454.170906244749	
3385.3244791214947	
6246.335580702367	
4723.854861437088	
3629.4061448695097	
7863.128573916381	
4910.024496977643	
7379.347035387355	
7868.762601073938	
7827.686844473065	
5033.314939853042	
7730.603455574044	
4220.053132498972	
4287.565323933778	
4291.12146621132	
7723.264952125618	
7705.249537140296	
933.408980226491	
3479.571546853168	
5781.48171128478	
5443.649047203123	
5352.736690585702	
5305.850678030397	
5338.173614316893	
7144.2391493878185	
5624.118993622324	
6109.078484498223	
6378.823770652944	
5784.603559131259	
11500.32600558554	
5307.584000172587	
6357.396811105843	
7222.29246973276	
7286.637081015442	
6946.715323139098	
5781.2227206630405	
5946.444765555403	
6474.179031877319	
6826.385992211954	
6383.505564392122	
7140.853650663388	
6826.385992211954	
6383.505564392122	
6561.893569261816	
5698.88959579651	
15402.498250195798	
6549.741210557429	
5336.928964927021	
6734.507586093584	
6552.442688085128	
5902.994999955908	
7760.234595592185	
11500.32600558554	
5941.642747077477	
7639.956327238903	
7418.009700565506	
5903.865398531539	
7472.913620784733	
6000.159443734705	
6762.529145537536	
7386.313289067569	
6762.529145537536	
8481.563935686376	
6609.842150592788	
3401.7848924110262	
3808.572891297131	
6652.0096157099515	
15402.498250195798	
8552.526145287518	
6648.806168530792	
7560.482861098178	
11500.32600558554	
6804.343594688629	
6774.657951451534	
6790.013218749067	
7025.724426354421	
4808.445513249088	
4600.621488046897	
6313.442338014117	
7238.927286610585	
8568.037357911147	
4064.595300422438	
4018.1324047695657	
7161.0217430822995	
4591.499637832505	
4525.620107244385	
8329.131477751782	
8329.131477751782	
6322.43352864459	
6483.809193173507	
4508.771603889547	
5128.508269952847	
7055.050523985661	
6756.72547934429	
4580.009479301135	
4677.328070075136	
6201.886385568883	
4580.009479301135	
5286.081922749265	
11500.32600558554	
6029.491746599088	
8691.272221760188	
6282.3574618671655	
6240.525920275444	
7523.76972965186	
7687.251000427745	
634.1397824621339	
3852.0626866066937	
3761.444088840665	
7426.284457804615	
7650.056052766013	
10408.734378074321	
7650.056052766013	
10408.734378074321	
1204.192984014823	
7650.056052766013	
10408.734378074321	
6711.934076607229	
9369.840198645301	
8843.04774623153	
6971.328916511586	
6971.328916511586	
6971.328916511586	
7489.083144475866	
8233.366179936314	
5427.739032954889	
8736.617549693658	
1349.3307851479685	
10062.76596402863	
3643.425788343373	
4304.972319779411	
5776.534082873118	
5703.9827046980945	
5364.746481396886	
5440.573914184683	
5849.413364185648	
3016.5532324970454	
4190.69608192741	
4228.018742124645	
5556.964771001586	
4119.578596778402	
4198.5422000900535	
4190.69608192741	
5419.575385332408	
4345.070472124271	
4754.050009485046	
4265.01467683511	
4909.695991611453	
4915.063019222171	
6971.328916511586	
2518.4334523946873	
10218.320201258759	
2320.1386219583164	
10235.348662990466	
6082.3162854254515	
9309.608867724692	
5078.902672406641	
3458.3899058258885	
4054.497068611412	
3458.3899058258885	
3535.5409008280876	
8600.913655333457	
3587.1246283448695	
5078.902672406641	
9011.585089086375	
1566.480509475701	
1644.1431366931508	
2041.7952395913824	
9962.16328801831	
2652.9184844732345	
5416.696790536998	
2782.3298591172315	
9559.055923055046	
4249.6945506567945	
5273.935769863054	
3037.0617448149505	
9357.734967566023	
11746.891610508503	
8765.75355784541	
4990.056528933065	
9340.717768600904	
798.4484842822659	
7280.495873083963	
2157.0403615743407	
673.0249051831244	
1653.456928126131	
1256.4488874494214	
1271.722323444478	
387.68301970185723	
1587.0473493489678	
1740.5523959454583	
2870.4583414729473	
287.76067024773204	
1163.9211068575546	
2318.354687816827	
456.1396202506633	
2696.690176382577	
1142.8306436589905	
401.0374885658972	
479.23420741109317	
482.69225715943065	
6080.978410284633	
2681.348500095326	
9844.85977549841	
6259.587646167186	
9668.06932137748	
6270.751688186698	
6515.738304758491	
5467.596282315674	
6942.290579050314	
6327.219379281191	
6334.3307228511785	
7051.296448754697	
6905.793919510795	
7285.380346249572	
6964.079354289426	
6743.170175473271	
6971.328916511586	
6670.898013023488	
6642.829215397125	
6434.332016223512	
1970.8430269142564	
1381.895181557964	
2149.5194859078347	
1996.5196766259937	
9526.547668508989	
2508.8089205409765	
5181.897041935549	
5270.547475156155	
6971.328916511586	
2537.07679206914	
5626.8054400704505	
6971.328916511586	
3513.809417008101	
10425.873843588372	
3844.954332993505	
10425.873843588372	
6351.172299388506	
8300.866512793633	
10423.34146932689	
10010.8037745335	
6971.328916511586	
1618.2091865631157	
5980.18519496332	
8820.845867490083	
6312.618328712253	
9353.206676119016	
6178.172197215607	
8653.025683587754	
8320.860522228246	
2765.3427224664324	
2802.2903743925217	
6971.328916511586	
2446.393571973094	
1954.6564179201057	
2863.200027625988	
2393.453497319336	
8746.248959624694	
2604.6397302421324	
2649.3922536487585	
2233.794484718808	
9030.576310678971	
8847.605847525188	
1834.9166969296107	
9312.65389382751	
1831.8561628907037	
8927.581571399902	
9122.748318810014	
2126.5385658846944	
1568.3319156926223	
9289.381937904302	
1903.2545748883254	
1227.2815069365731	
5722.15294739027	
9284.175925708052	
4237.021993134231	
9944.031254798187	
4182.240910207168	
10451.348102292315	
6971.328916511586	
5684.146769608867	
5481.436069276073	
5435.672272795971	
5465.383582480356	
11273.768745353616	
8747.894000478325	
897.9254631404292	
5908.47494307979	
8712.104673252903	
4170.831387282687	
2378.360348781794	
3311.980061290601	
3045.06274697539	
3045.06274697539	
9353.206676119016	
6971.328916511586	
9947.498196075334	
9432.908726314548	
10022.795621108127	
9800.417866369206	
3359.2126676152093	
6971.328916511586	
6971.328916511586	
1500.2154690725515	
1416.0111128536435	
1456.3808452508017	
651.4892079561585	
625.8997664485796	
4065.7067653019208	
1543.172216316286	
1690.9429404122718	
10266.980263742102	
4567.22588153174	
10255.538782985366	
2435.4594067349854	
1292.8742283927816	
6971.328916511586	
6971.328916511586	
1189.5592690159428	
5610.419623526407	
6971.328916511586	
2770.1877149513098	
5571.755972757111	
394.5459273181809	
2246.299575845627	
4861.480321558242	
2468.8865862542175	
3310.7417448736537	
8663.039959136964	
8103.047697361661	
10678.656823695253	
5213.504995219271	
4670.679696930388	
5710.451939000274	
6971.328916511586	
4380.210815036082	
5110.588636179514	
2079.6907139760388	
6971.328916511586	
2079.6907139760388	
8775.870303862494	
8685.794420751045	
11808.64488866298	
8547.76990910103	
6971.328916511586	
8256.155599418433	
8581.839303935722	
11982.246864915753	
8688.699672959348	
10314.262398509885	
4124.418849489136	
6346.608091046792	
10781.657657072226	
6971.328916511586	
7789.09624581352	
6472.534321307948	
7591.822518589945	
8121.155655321852	
7864.675562598506	
5372.530659910164	
8181.862885792688	
7864.675562598506	
8440.824398250814	
7634.766611970695	
8003.494303755107	
2495.6786215507987	
8082.054048045288	
7383.491578857475	
6351.4437466215495	
7134.450709897947	
6981.048869859206	
10537.36177307612	
2304.6446132020437	
3939.8308464660686	
3953.2180020505043	
2216.2416882313187	
3881.342449191741	
5623.930123710086	
5945.127064836968	
3832.2759584805135	
2470.398157392972	
2566.774205632475	
2828.9021347724	
905.4491062002828	
2908.8652013171245	
3084.3128048130193	
2828.9021347724	
987.0684021629611	
1280.0665673407595	
2337.6751075688276	
2812.83053851307	
550.3706576163215	
795.3197962181721	
3624.3157352598287	
1150.991884385854	
3531.759892542983	
2948.2082208622955	
2019.8630740741507	
8410.666939003298	
6623.6094668636715	
1122.7888044799686	
4242.153564280076	
2304.6446132020437	
3411.6604248183908	
1811.083042272604	
1073.7468907525017	
3655.0094739866017	
3817.56932588749	
4136.646507012352	
1923.645779315887	
5051.003933309363	
3800.366343514727	
1567.851332360478	
1051.804112782571	
1075.618519516135	
2979.337336022146	
5469.890731479313	
2304.6446132020437	
2984.799533004267	
5322.127019310498	
1334.0912439701738	
4759.621080753288	
3542.199805029588	
3717.923645656226	
3374.5629120413178	
3264.3353729914397	
2178.763956252794	
4374.483844523832	
2178.763956252794	
2246.4501110438205	
4370.14204666748	
9260.879183426126	
4743.825408493413	
4370.283746444617	
3837.085872089415	
4255.987929064325	
4465.768858607192	
3767.4367576116047	
4028.3400604027593	
1394.8885744307604	
1361.3584279274608	
2304.6446132020437	
2304.6446132020437	
1644.2846199398298	
1475.0992930065672	
2199.7104933829633	
1321.0332499549393	
3266.9542147448715	
2948.2082208622955	
3410.191706327006	
1621.5169105364412	
1374.8554755522039	
2196.1577802662096	
1858.0752570189156	
2416.3340898726888	
2477.703565001107	
3791.317505939156	
3460.4468374660228	
2091.408000765896	
4799.481964414123	
4916.035729430583	
3214.7421103805946	
371.9289973683454	
2529.729394107176	
2529.729394107176	
2281.8900628003757	
4365.357005318574	
4070.486249754481	
4700.243052586225	
5196.120316373717	
2557.299221941437	
4581.51289579213	
3543.668771650538	
2304.6446132020437	
318.8808503620578	
3013.932553529785	
2304.6446132020437	
2642.599518392145	
2728.609057457424	
2304.6446132020437	
9260.879183426126	
3116.1629852755395	
2523.4415154938956	
4444.461428131801	
968.7352526401721	
4051.300739618207	
5376.53856386123	
5293.528448795674	
3745.488813894487	
3329.025670100042	
2304.6446132020437	
2304.6446132020437	
3293.3321598866046	
3172.4037109177852	
2304.6446132020437	
2304.6446132020437	
9260.879183426126	
2614.8253176336275	
1154.577428889149	
2304.6446132020437	
1039.542145002992	
2304.6446132020437	
1481.906846458914	
1203.0764208704197	
1731.9225838573523	
1618.594883341388	
3717.923645656226	
4197.387346259025	
4313.028860749456	
2407.526090067581	
1755.6201116726365	
4071.005124909761	
3808.6952908885505	
3867.0579799401057	
1899.3316797135724	
3766.6177469655813	
4084.565080770777	
2784.6800711342116	
3640.278522243511	
2558.373800660689	
911.778504185579	
1547.3828132542992	
4321.150093956988	
2157.5156531298235	
2394.177316897773	
2304.6446132020437	
4312.346793725225	
1186.1507557688253	
3049.457183658674	
951.0363964215793	
4898.302043946835	
3753.379353676857	
4327.59210927229	
921.4876915280649	
2304.4833338651947	
2616.4947362729154	
4128.262937716148	
3367.6553623740533	
3540.087308956392	
3115.358563683158	
4479.861006347576	
3672.461161155527	
2413.7900909472055	
3675.223989388073	
1986.0071638550685	
1855.4630861439787	
2171.041911812104	
1880.5757785802798	
1949.7700810379322	
1994.6749371826927	
2151.4362444424514	
3799.5962554727585	
3795.9537832866595	
2444.059745647978	
2294.050370630267	
3818.5794383753628	
2346.131686561715	
8546.374757459585	
2102.8579109606553	
8546.374757459585	
1672.3191624173899	
2202.314129402519	
2287.8914193209885	
1678.3290957070044	
1384.2480126281569	
4031.0992835091283	
8546.374757459585	
1601.5424694115284	
1870.2493702318552	
2287.8914193209885	
1742.8974581900095	
4133.025003442051	
8546.374757459585	
4133.025003442051	
4096.788114131027	
4166.121203146465	
4075.408134148507	
3164.0057459905124	
2428.3290731807106	
3105.0573307990826	
5609.16597076875	
5534.089084582933	
3526.651948642724	
3528.032569525672	
4156.6597629233975	
2797.868195463239	
2885.9136161668944	
1729.9919292852258	
4241.17835495384	
4005.8822673278883	
4526.148677555066	
332.1628639467253	
2241.663382674028	
2116.6143263243857	
426.6213186979869	
1694.5584837798701	
2591.0151672680404	
2591.0151672680404	
9773.943899545817	
6846.577682759073	
1723.920581176729	
8546.374757459585	
4957.056012541461	
2451.858739779641	
1623.0281894834486	
11643.723682242175	
4117.006490243371	
6084.506731692514	
1531.618638828708	
1324.6841024208907	
1324.6841024208907	
1563.1163388888424	
4490.167552813089	
1686.6727407116068	
1789.0369709499928	
4713.7448871975175	
2342.677261799433	
1961.0234776150398	
855.5634619230802	
1930.0854131463307	
3277.109087681977	
4396.101175122499	
4421.932142670139	
1854.5028363985218	
7963.446761669093	
8546.374757459585	
4814.131626536703	
2687.08710570485	
4146.303454424989	
2642.367182062485	
3591.3508529805654	
3700.0562427782716	
3562.9035532897	
3497.161453024678	
3405.238186374502	
4529.799272692779	
3385.5250439796237	
3936.3050516090307	
8546.374757459585	
3346.341369695226	
2562.396356188427	
3956.699312753388	
2547.24373398084	
3387.324239794785	
3261.4332918060363	
2465.344822122303	
2211.7435285360443	
2416.670272620401	
1231.4771815101599	
3692.0496271240686	
5031.994705319312	
2610.1765729052654	
2375.5644201900895	
3218.131514554039	
2007.4492046277762	
8546.374757459585	
8546.374757459585	
3434.2216542944093	
1958.0110397094106	
195.4803983485022	
3090.9989354670843	
4656.6343682246825	
3432.868975906687	
4104.829459857446	
3549.3731461115203	
4780.55710170826	
4672.327983307469	
3380.091652260655	
4395.784299693414	
8546.374757459585	
4706.102354547195	
1272.3592283728387	
3998.8694389134453	
1879.4436623940314	
1976.4335136253628	
1879.4436623940314	
5306.495255626484	
1142.1982469680747	
3630.5779051243785	
3262.836271575284	
3474.187621206198	
1166.4754077059508	
908.5243251710738	
3565.376196378139	
721.9240710013476	
990.0055003666206	
2261.140267953655	
4574.706438419903	
1037.0189210040512	
2268.681660804176	
3995.9161949008176	
5793.496246797017	
4574.706438419903	
3176.497192509773	
3176.497192509773	
3179.0053742580435	
5677.278173983161	
2908.913699828012	
4313.4196289609	
8546.374757459585	
8546.374757459585	
3059.1208809136538	
2926.478289313791	
2515.349336959305	
22040.189015353586	
1935.4184595724219	
2844.3867502153735	
5653.905197823659	
6139.695495942026	
3215.0995802715734	
2006.1340140378827	
3633.503295604677	
5569.937292321764	
2386.9721002835004	
5589.709502030513	
5410.0845850742535	
882.5178871051269	
1047.9026659907238	
1650.296036360664	
844.8205533223617	
844.8205533223617	
1668.0631505058818	
1662.0427745037819	
1885.0892873382593	
1487.2345423501424	
1227.8832113189621	
2358.3107453629664	
1027.846836027455	
2053.3740907520887	
1747.4619126314938	
2469.2180629355403	
1757.0906757086564	
4587.811365860455	
2372.1718358631542	
2531.1575062531297	
2797.8017004738736	
3611.4827495201343	
2683.9963342911537	
3582.154401272959	
3561.1204233925846	
3146.5110799021077	
3712.7658934936453	
1975.796406010619	
1117.8365856141422	
2154.5287402519616	
1047.4878921674524	
1148.7436766596725	
3363.53697258483	
329.321591586471	
904.5975426652158	
1055.888221007457	
854.4547092713391	
1117.8365856141422	
8546.374757459585	
1055.888221007457	
4107.917885373107	
1378.0802097117135	
3863.181099037502	
2020.4451540854143	
1785.4293296371252	
3438.035042794543	
806.3392719767387	
1937.7205017744973	
931.9868936533254	
594.7666166384586	
8546.374757459585	
2192.667623667965	
8546.374757459585	
1588.1115053875692	
8546.374757459585	
1921.4032458294716	
1873.8040954966912	
1693.3061803991216	
3681.8846824854154	
1695.8692377221616	
3222.8347734306835	
3644.7490635976624	
1489.8641354027602	
3178.033534186158	
1616.8310977963538	
4394.589799923789	
5938.146413090502	
2654.916041102565	
8546.374757459585	
498.44985803577293	
5233.852636900972	
8546.374757459585	
727.3920083813528	
2370.0041647389708	
2420.7795981978925	
2394.171618527068	
640.4760509461549	
606.1839663919336	
4501.288046510871	
4073.7149012290483	
8546.374757459585	
3683.767246167234	
3996.722189470184	
2423.2422502992167	
5542.37319424363	
2118.0648672310376	
3899.0690736480387	
2178.3732144923897	
2283.6640589148687	
5639.236837608841	
2306.339362487179	
4242.245931989059	
3538.999827220687	
3618.3135488930434	
3597.984300458478	
8546.374757459585	
1647.503535546867	
4118.1795817722095	
1781.6615959231283	
1883.4097951879119	
2098.264807084076	
1649.817168631505	
1765.958153787155	
8546.374757459585	
4252.271518006418	
1510.0925482446273	
1847.1765030209688	
1510.0925482446273	
6130.219928881901	
1749.1399337360701	
1882.2954366439537	
2420.987816179282	
3833.172583364031	
8546.374757459585	
3564.587335203951	
1003.3736234063455	
2083.8616425830905	
1870.441452077738	
5311.783245983711	
5823.654610791786	
5955.104478448316	
5479.971248013785	
5316.451450439963	
4670.412131860721	
1821.6273544944884	
5107.621582696311	