22.73004117	114.2408795	0001	18046.71098
22.72704287	114.2996199	0002	24052.19481
22.70131065	114.2336007	0003	17407.60136
22.73235925	114.2866672	0004	22749.67822
22.71839144	114.2575495	0005	19729.60049
22.75392493	114.3819253	0006	32688.94505
22.72404221	114.2721836	0007	21231.46843
22.71937803	114.2732478	0008	21338.4349
22.73028254	114.2304955	0009	16985.18326
22.7187968	114.267027	0010	20701.03605
22.65746229	114.3476957	0011	29823.09171
22.71611614	114.2474716	0012	18701.49132
22.72986374	114.2939012	0013	23477.0869
22.746174	114.285869	0014	22805.73519
22.7333086	114.2943071	0015	23537.95686
22.74551648	114.2744633	0016	21636.12967
22.72282036	114.2654813	0017	20542.2902
22.72492675	114.2731306	0018	21330.41686
22.74551648	114.2744633	0019	21636.12967
22.75335785	114.285655	0020	22896.11803
22.72554895	114.2724564	0021	21262.8511
22.73048185	114.2297108	0022	16906.24773
22.75031119	114.2734629	0023	21608.5852
22.73832325	114.2906521	0024	23203.57026
22.72204702	114.2629243	0025	20279.3219
22.72837483	114.2928568	0026	23363.62232
22.73756811	114.2823889	0027	22352.10691
22.73188624	114.3028398	0028	24403.20773
22.74778137	114.2747219	0029	21695.68358
22.73658843	114.2961774	0030	23753.37199
22.74121631	114.2620083	0031	20311.06209
22.70831192	114.2434107	0032	18330.7722
22.73658843	114.2961774	0033	23753.37199
22.65746229	114.3476957	0034	29823.09171
22.73385612	114.2613534	0035	20169.36712
22.73305308	114.3011875	0036	24240.82266
22.732721	114.261045	0037	20129.17887
22.73287891	114.2611436	0038	20140.42371
22.65746229	114.3476957	0039	29823.09171
22.73581545	114.2735094	0040	21428.79203
22.73156241	114.2875823	0041	22838.62318
22.7167929	114.2703179	0042	21042.21595
22.72610429	114.2414213	0043	18082.81109
22.70601576	114.2416887	0044	18176.0778
22.70584501	114.2428698	0045	18298.45747
22.65746229	114.3476957	0046	29823.09171
22.71886556	114.2658133	0047	20576.47247
22.73806842	114.2664469	0048	20728.31682
22.73841361	114.2769492	0049	21804.40279
22.69864675	114.2417616	0050	18276.18406
22.719527	114.265143	0051	20507.04706
22.65746229	114.3476957	0052	29823.09171
22.72230496	114.2514128	0053	19098.88597
22.71929156	114.2602181	0054	20002.14524
22.73305324	114.2761711	0055	21679.66285
22.71670893	114.2452346	0056	18470.36594
22.72171594	114.2780743	0057	21832.97259
22.73079366	114.2683862	0058	20868.12844
22.71392643	114.237995	0059	17738.81493
22.72085613	114.247361	0060	18682.65365
22.73008534	114.3031914	0061	24430.07666
22.72504817	114.2923585	0062	23302.35303
22.71013195	114.2495414	0063	18944.01976
22.73597693	114.2767908	0064	21765.69711
22.73319874	114.2894757	0065	23042.60413
22.72256534	114.2786661	0066	21894.25797
22.73007657	114.3032102	0067	24431.96257
22.72538813	114.2953439	0068	23609.24777
22.73815392	114.2569106	0069	19755.62711
22.72951735	114.2401706	0070	17970.91254
22.72391473	114.2957052	0071	23643.4351
22.72951735	114.2401706	0072	17970.91254
22.72370574	114.2917726	0073	23239.81373
22.74288185	114.2883525	0074	23016.79729
22.7243195	114.261971	0075	20184.73548
22.72428899	114.2620111	0076	20188.78382
22.65746229	114.3476957	0077	29823.09171
22.72426525	114.296727	0078	23748.79919
22.70931634	114.2465701	0079	18645.8908
22.73052926	114.2806588	0080	22123.70046
22.72020559	114.2920284	0081	23264.14611
22.69916025	114.2432151	0082	18416.3573
22.7870271	114.3308735	0083	28220.16516
22.71626246	114.2704209	0084	21054.14155
22.73533826	114.2594777	0085	19990.06802
22.70468225	114.234143	0086	17420.09457
22.70289012	114.2364959	0087	17681.59302
22.73310324	114.2772374	0088	21789.15315
22.70049094	114.2406953	0089	18141.05708
22.73198737	114.2326041	0090	17213.61804
22.71811748	114.2480026	0091	18750.97164
22.71823136	114.248542	0092	18806.08698
22.73315615	114.2976629	0093	23880.56657
22.7308492	114.2427673	0094	18245.25888
22.71448951	114.2443288	0095	18385.36211
22.74160353	114.2875816	0096	22923.49746
22.72943188	114.2668519	0097	20703.50242
22.729348	114.279054	0098	21953.30595
22.69963949	114.1445579	0099	8471.652801
22.73636566	114.2858926	0100	22699.70445
22.74680488	114.2693444	0101	21134.56579
22.72312465	114.2747366	0102	21491.86723
22.75419616	114.284078	0103	22751.41567
22.72852163	114.2297897	0104	16901.93301
22.70933559	114.2612754	0105	20150.81931
22.73393225	114.2489042	0106	18896.76188
22.73393225	114.2489042	0107	18896.76188
22.71142907	114.2635062	0108	20365.82382
22.7001461	114.2400287	0109	18078.0614
22.65746229	114.3476957	0110	29823.09171
22.57170781	113.9054286	0111	4586.174019
22.69916025	114.2432151	0112	18416.3573
22.58012226	113.8844056	0113	6780.388811
22.57806395	113.8930076	0114	5974.636011
22.57091037	113.9009025	0115	4838.934575
22.72726491	114.3009914	0116	24193.50644
22.73389406	114.2396681	0117	17952.14843
22.56992336	113.9013757	0118	4727.558405
22.58035946	113.8984183	0119	5785.53337
22.56561999	113.8947079	0120	4956.385959
22.56910214	113.8860951	0121	5907.474809
22.57170781	113.9054286	0122	4586.174019
22.55822386	114.0818804	0123	2600.173416
22.58410432	113.9122078	0124	5371.801481
22.57987513	113.8978568	0125	5781.648016
22.57712134	113.8638951	0126	8321.371814
22.57170781	113.9054286	0127	4586.174019
22.57168291	113.8877469	0128	5929.078471
22.57303132	113.8814413	0129	6546.511006
22.57267667	113.8805319	0130	6602.935469
22.58175242	114.1113526	0131	6571.690644
22.58590837	113.8689944	0132	8417.611242
22.57243072	113.8808339	0133	6562.046881
22.58240219	113.9123868	0134	5193.154915
22.58505996	113.8804038	0135	7451.232946
22.5831793	113.8718454	0136	8001.569517
22.56485883	113.9045792	0137	4103.657587
22.58594296	113.8795634	0138	7581.008226
22.56657119	113.9046491	0139	4227.012692
22.58756183	113.9117972	0140	5738.921051
22.58448467	113.9136259	0141	5350.08572
22.5736525	113.8819075	0142	6545.471344
22.58141842	113.9088748	0143	5265.686111
22.58208009	113.9149636	0144	5050.112145
22.59600774	113.8942174	0145	7439.276511
22.58466698	113.9117696	0146	5447.593793
22.58197694	113.9099919	0147	5263.75208
22.58483596	113.907636	0148	5658.950658
22.58198463	113.9089284	0149	5317.586263
22.57383761	113.8956075	0150	5456.878458
22.70743279	113.9300131	0151	11500.32601
22.58376293	113.905228	0152	5681.958294
22.58666121	113.9091719	0153	5764.104708
22.58336455	113.8930415	0154	6399.200982
22.57119236	113.8871773	0155	5944.974986
22.58133203	113.9072224	0156	5344.333545
22.570735	113.888782	0157	5781.222721
22.58551616	113.8933101	0158	6561.893569
22.59407372	113.8948922	0159	7222.29247
22.58541388	113.8931929	0160	6560.97936
22.58551616	113.8933101	0161	6561.893569
22.60766566	113.8585519	0162	10805.50529
22.57622074	113.8767875	0163	7140.853651
22.56510124	113.8858711	0164	5699.714418
22.5931062	113.9021913	0165	6734.507586
22.58700738	113.9231605	0166	5311.512667
22.58750507	113.9071832	0167	5941.642747
22.59051277	113.8960994	0168	6826.385992
22.57711212	113.873867	0169	7445.523797
22.58732409	113.9078329	0170	5892.608629
22.59051277	113.8960994	0171	6826.385992
22.58961102	113.918917	0172	5701.026752
22.57966703	113.8737324	0173	7616.25837
22.5744374	113.8899815	0174	5935.230011
22.58685109	113.8936543	0175	6653.703008
22.58680135	113.8936142	0176	6652.009616
22.57500555	113.8905324	0177	5932.531094
22.59461111	113.9010205	0178	6939.383564
22.56548368	113.894197	0179	4991.253064
22.58145629	113.8647656	0180	8492.570729
22.58095046	113.8998611	0181	5743.2139
22.57756841	113.9026461	0182	5270.869551
22.56975718	113.9104326	0183	4094.558437
22.5861062	113.8943549	0184	6544.062892
22.58166841	113.8803978	0185	7205.928031
22.55544624	113.8991863	0186	3994.33549
22.55443044	113.8943467	0187	4409.332576
22.57352699	113.8751521	0188	7121.462677
22.74690859	114.0246196	0189	5076.689295
22.55592573	113.8918949	0190	4704.105038
22.57721378	113.8818248	0191	6783.744827
22.56233651	113.9076439	0192	3682.121667
22.57483549	113.8811973	0193	6680.273674
22.56840437	113.8955019	0194	5073.238474
22.57179737	113.8938529	0195	5441.900818
22.57991456	113.9186506	0196	4685.470864
22.58118773	113.919615	0197	4785.912142
22.58699587	113.8709936	0198	8329.131478
22.70743279	113.9300131	0199	11500.32601
22.59026789	113.8716802	0200	8506.534922
22.56723379	113.8977448	0201	4811.676714
22.58148284	113.9198961	0202	4807.932575
22.56634249	113.8997181	0203	4591.499638
22.58699587	113.8709936	0204	8329.131478
22.56702598	113.9105272	0205	3850.620817
22.57942148	113.8916572	0206	6179.337145
22.59021636	113.9036465	0207	6381.341282
22.57129816	113.8920232	0208	5552.832159
22.56483939	113.9142709	0209	3420.726762
22.56648854	113.8811251	0210	6201.886386
22.53470014	113.934485	0211	634.1397825
22.56356707	113.8834799	0212	5838.859845
22.58829674	113.8708217	0213	8433.524016
22.57134458	113.894243	0214	5378.893476
22.5643814	113.9089121	0215	3743.950758
22.56392369	113.9068952	0216	3857.465668
22.56417316	113.908003	0217	3793.903317
22.58433891	113.8809909	0218	7352.890614
22.59001679	113.8669876	0219	8860.105427
23.12505187	113.4261179	0220	10430.90901
23.1328338	113.4343643	0221	11194.03158
23.12908146	113.425454	0222	10313.39689
23.15568967	113.4144292	0223	9365.112131
23.12689122	113.4261471	0224	10408.73438
23.13405701	113.401953	0225	7877.119973
23.12689122	113.4261471	0226	10408.73438
23.13146449	113.3995361	0227	7650.056053
23.1243926	113.4262066	0228	10449.86295
23.12922062	113.422686	0229	10030.11645
23.12411148	113.4260987	0230	10443.34333
23.20441423	113.3732346	0231	8929.737902
23.16612927	113.3856429	0232	6971.328917
23.12923272	113.4285739	0233	10629.68918
23.13438526	113.3869839	0234	6346.608091
23.18017757	113.3575718	0235	5800.917381
23.16306207	113.3489867	0236	3757.403234
23.17957517	113.3573318	0237	5732.015858
23.14151184	113.3622198	0238	3831.753207
23.17402066	113.3658252	0239	5826.349913
23.12820124	113.4098039	0240	8731.866946
23.17773454	113.3592463	0241	5684.453514
23.17196247	113.3533515	0242	4808.334919
23.14151184	113.3622198	0243	3831.753207
23.17630829	113.3577083	0244	5462.744373
23.11822805	113.3654361	0245	4391.227685
23.1912179	113.3356676	0246	6076.531013
23.1205956	113.3644074	0247	4378.29088
23.1210796	113.3705992	0248	4991.797167
23.1582894	113.3588341	0249	4162.802909
23.1215785	113.3771234	0250	5614.255036
23.12641073	113.3664706	0251	4414.328317
23.1630241	113.3350317	0252	3022.126285
23.12173317	113.3642769	0253	4379.859475
23.11797902	113.3634212	0254	4186.415753
23.21850801	113.38547	0255	9870.44265
23.16659194	113.3382389	0256	3510.859313
23.21664501	113.391511	0257	10507.32801
23.12116497	113.4259499	0258	10480.03486
23.16612927	113.3856429	0259	6971.328917
23.11974432	113.4242469	0260	10312.74074
23.2032568	113.371018	0261	8698.136289
23.19488528	113.3482489	0262	6813.521292
23.21719106	113.3842337	0263	9761.797542
23.207743	113.3871093	0264	10069.01894
23.16791901	113.333968	0265	3509.005991
23.12054511	113.3786088	0266	5756.052625
23.2066358	113.3301951	0267	4794.509856
23.16389013	113.4163251	0268	9788.313312
23.16825306	113.3381455	0269	3678.488039
23.12768631	113.3370741	0270	1644.143137
23.13175467	113.4083019	0271	8540.872686
23.12652681	113.3397282	0272	1934.808039
23.12252179	113.3355431	0273	1979.632449
23.12769351	113.3375407	0274	1679.733053
23.16515112	113.4156573	0275	9766.468937
23.16156123	113.3040001	0276	3434.585093
23.19965405	113.3471287	0277	6684.985832
23.16612927	113.3856429	0278	6971.328917
23.13075055	113.3357563	0279	1328.346769
23.15618288	113.312235	0280	2457.780725
23.16612927	113.3856429	0281	6971.328917
23.12544156	113.4121673	0282	9012.343523
23.20209388	113.4056993	0283	10940.92979
23.14811461	113.3527602	0284	3075.338579
23.14634409	113.3274108	0285	1018.373989
23.14744653	113.3511514	0286	2894.931824
23.20467801	113.432874	0287	13321.51343
23.13689572	113.3511279	0288	2671.763717
23.14080635	113.3458805	0289	2166.70581
23.15029712	113.3464253	0290	2614.390052
23.13980826	113.3276992	0291	379.7759979
23.12741628	113.4158214	0292	9353.219538
23.1347199	113.3692562	0293	4534.933928
23.13708468	113.3341858	0294	939.5965016
23.13325275	113.3927583	0295	6943.638867
23.14043782	113.3856567	0296	6210.416225
23.13020053	113.3756045	0297	5236.459336
23.13208667	113.3897653	0298	6648.740677
23.13746237	113.3939663	0299	7051.296449
23.1332381	113.3860504	0300	6259.587646
23.11587316	113.4138164	0301	9199.577523
23.17528334	113.3591743	0302	5467.596282
23.13600769	113.3859074	0303	6229.384152
23.13612309	113.3963694	0304	7298.558691
23.11401571	113.4172338	0305	9526.547669
23.11486722	113.4190267	0306	9717.822911
23.11640019	113.4177526	0307	9606.178379
23.14889709	113.3141524	0308	1688.109806
23.14097651	113.3827285	0309	5915.106158
23.13554328	113.3499491	0310	2559.373462
23.1388268	113.3854092	0311	6178.172197
23.1584355	113.3504712	0312	3495.826331
23.11401571	113.4172338	0313	9526.547669
23.15181752	113.3170388	0314	1792.611861
23.14281326	113.376374	0315	5286.026714
23.16518518	113.3251699	0316	3083.313171
23.14179474	113.3769596	0317	5334.114899
23.1381659	113.3728361	0318	4891.336581
23.1381659	113.3728361	0319	4891.336581
23.14174121	113.377658	0320	5404.710204
23.142295	113.3788442	0321	5531.174833
23.16922499	113.3296776	0322	3564.622004
23.14033634	113.3742391	0323	5044.290965
23.18859501	113.3424595	0324	5959.707565
23.14205325	113.3791218	0325	5556.893301
23.1299184	113.3862624	0326	6319.578389
23.19728186	113.3735902	0327	8301.850938
23.13028106	113.3863021	0328	6318.37467
23.17598801	113.359472	0329	5547.377838
23.17212957	113.3267016	0330	3859.345525
23.1475	113.4439109	0331	12208.90658
23.18831874	113.3423526	0332	5927.125602
23.17480316	113.3322298	0333	4217.905988
23.19650484	113.3731917	0334	8208.276854
23.16114801	113.407645	0335	8850.365456
23.14494501	113.34224	0336	1949.005459
23.16612927	113.3856429	0337	6971.328917
23.15972056	113.4046289	0338	8508.976951
23.15892328	113.4010558	0339	8133.71552
23.12688441	113.4190483	0340	9687.923926
23.11859266	113.363084	0341	4175.118111
23.12929222	113.4225656	0342	10017.12921
23.12220706	113.4038838	0343	8242.143516
23.20681869	113.3719943	0344	8759.358995
23.1758545	113.3986552	0345	8655.960424
23.20819295	113.3782438	0346	9338.875826
23.20044124	113.3735598	0347	8584.094083
23.17843172	113.4044495	0348	9312.653894
23.17442846	113.4055186	0349	9200.911792
23.2025618	113.3730311	0350	8747.062017
23.13509985	113.3314282	0351	707.0818757
23.20837788	113.3759994	0352	9111.190257
23.2015648	113.3728935	0353	8647.572769
23.16612927	113.3856429	0354	6971.328917
23.15243901	113.335162	0355	1963.104925
23.20200824	113.3923275	0356	9944.031255
23.14183643	113.3781751	0357	5458.312069
23.20157236	113.3932173	0358	9972.499972
23.16612927	113.3856429	0359	6971.328917
23.15263157	113.3319798	0360	1831.856163
23.13349021	113.4174727	0361	9465.269285
23.11575166	113.4317335	0362	11020.79772
23.11368753	113.4290361	0363	10726.64263
23.12638053	113.3942373	0364	7185.634495
23.1193031	113.4255468	0365	10437.52421
23.19773995	113.4183009	0366	11657.3805
23.20168853	113.3996451	0367	10451.3481
23.13081846	113.3660173	0368	4258.055227
23.12857886	113.3915925	0369	6879.988598
23.19899194	113.4238969	0370	12207.31877
23.1632708	113.3191358	0371	2932.464271
23.16256359	113.320802	0372	2824.647884
23.1284712	113.3912495	0373	6847.019462
23.13205746	113.4221537	0374	9951.810434
23.13422755	113.4403644	0375	11801.15152
23.13285803	113.4363703	0376	11398.81579
23.11279965	113.4187034	0377	9665.524749
23.13344913	113.43629	0378	11387.82678
23.13376665	113.4347543	0379	11229.56087
23.13583071	113.4350654	0380	11255.23855
23.13375072	113.4413379	0381	11902.38717
23.12890686	113.3660867	0382	4306.951829
23.1291518	113.3668751	0383	4379.78936
23.12281346	113.4178167	0384	9629.203753
23.12885506	113.4188679	0385	9645.355848
23.11962203	113.4152453	0386	9400.435131
23.12186551	113.4159949	0387	9464.420095
23.12039061	113.4185514	0388	9747.752798
23.15693214	113.3509639	0389	3425.459855
23.12922062	113.422686	0390	10030.11645
23.13249699	113.4178735	0391	9512.00669
23.12515753	113.3292059	0392	1433.46269
23.12922062	113.422686	0393	10030.11645
23.16964159	113.3892304	0394	7478.203909
23.1402856	113.3760807	0395	5231.886899
23.17610377	113.3747066	0396	6654.795992
23.14206099	113.379267	0397	5571.755973
23.13774085	113.3623959	0398	3823.320003
23.17840518	113.3389591	0399	4771.502312
23.14545882	113.3660191	0400	4286.904266
23.1216073	113.3470553	0401	2860.075917
23.12290431	113.3527004	0402	3261.668876
23.1469423	113.369359	0403	4656.058042
23.16612927	113.3856429	0404	6971.328917
23.16612927	113.3856429	0405	6971.328917
23.1968891	113.3339044	0406	5710.451939
23.16202059	113.3130133	0407	2993.959237
23.19978107	113.4060446	0408	10800.83816
23.17969451	113.3261765	0409	4698.156582
23.12579085	113.4293179	0410	10745.08219
23.16612927	113.3856429	0411	6971.328917
23.14080318	113.350435	0412	2626.639718
23.12530182	113.4031386	0413	8103.047697
23.16732015	113.3237873	0414	3323.000518
23.1212872	113.4070672	0415	8581.839304
23.12759406	113.4087636	0416	8634.57657
23.14004212	113.3796294	0417	5592.675115
23.15532417	113.3310176	0418	2079.690714
23.16612927	113.3856429	0419	6971.328917
23.13711924	113.3898865	0420	6634.247649
23.15512634	113.3308469	0421	2053.542581
23.12565121	113.4288337	0422	10697.83363
23.1486366	113.4428693	0423	12115.12101
23.1745072	113.3612287	0424	5539.645551
23.16612927	113.3856429	0425	6971.328917
23.15713798	113.3418418	0426	2784.338787
23.1383053	113.3650099	0427	4091.552746
23.16376379	113.4356948	0428	11688.90775
23.12723201	113.403614	0429	8118.096835
23.12470045	113.4104321	0430	8849.76705
23.14682911	113.4408893	0431	11894.5468
23.16329001	113.344705	0432	3508.276432
23.11545269	113.402635	0433	8058.588512
23.11665299	113.370997	0434	4893.59855
23.11770618	113.3701314	0435	4836.429691
23.12456025	113.4004077	0436	7842.527364
23.17843093	113.3484722	0437	5149.179794
23.15891441	113.403394	0438	8362.266431
23.11751722	113.3707793	0439	4895.157905
23.13002371	113.401493	0440	7864.675563
23.13236227	113.4009143	0441	7782.527118
23.12326076	113.3772618	0442	5571.804741
23.13044998	113.4046842	0443	8184.591829
23.12791853	113.4032901	0444	8074.90327
23.12936525	113.4034057	0445	8067.056678
23.12636543	113.4019455	0446	7963.579953
23.12926908	113.4012359	0447	7847.845323
23.12686091	113.3989386	0448	7651.275294
23.12865975	113.4003061	0449	7761.684132
23.12767612	113.399922	0450	7737.365105
23.12838811	113.3999267	0451	7727.091085
23.12577436	113.4021331	0452	7992.967333
23.17110001	113.386176	0453	7287.432378
23.1702714	113.3845854	0454	7100.594176
23.169935	113.3873962	0455	7330.109583
23.17088694	113.384945	0456	7167.404337
23.17297534	113.3891679	0457	7656.976938
23.13224525	113.4015337	0458	7846.649536
23.1223545	113.4039966	0459	8250.074635
23.16733018	113.3884603	0460	7288.546997
23.16612705	113.3911312	0461	7474.633941
23.13783116	113.3491553	0462	2469.677271
23.10524047	113.2651575	0463	2240.76635
23.10335599	113.2791487	0464	2891.447043
23.10191316	113.2751669	0465	2843.207422
23.16612927	113.3856429	0466	6971.328917
23.11103724	113.2883062	0467	2944.24476
23.12895676	113.4276409	0468	10537.36177
23.19628164	113.3347933	0469	5823.654611
23.19665542	113.337286	0470	6004.208198
23.10907036	113.2547014	0471	2051.273182
23.13283733	113.4193566	0472	9661.308634
23.10129999	113.2946521	0473	3100.984188
23.10122986	113.2946722	0474	3100.420324
23.1076787	113.3386013	0475	1453.9092
23.0742034	113.3630844	0476	5337.663163
23.10408936	113.3351389	0477	1125.091348
23.0742034	113.3630844	0478	5337.663163
23.06418839	113.362687	0479	6115.785297
23.05671252	113.3457198	0480	5945.127065
23.09089713	113.3003223	0481	3014.296971
23.09919654	113.3296033	0482	965.3512989
23.114957	113.2814447	0483	2118.328044
23.08312711	113.3007523	0484	3550.98469
23.07960516	113.3043783	0485	3624.315735
23.0845868	113.2826599	0486	4916.088421
23.09498583	113.3411369	0487	2131.706118
23.08619006	113.325538	0488	2257.555199
23.10167845	113.3425208	0489	1923.752143
23.10320259	113.3264069	0490	414.7645724
23.11506401	113.281722	0491	2135.724287
23.08098288	113.2878	0492	4699.01174
23.10157845	113.3266995	0493	590.4953394
23.09761507	113.3055911	0494	2165.209204
23.09454748	113.2876803	0495	3987.190978
23.09458181	113.2923934	0496	3534.759372
23.09732543	113.3034853	0497	2372.694824
23.10574469	113.3011106	0498	2388.037015
23.09263632	113.3419836	0499	2362.785065
23.10420069	113.3532167	0500	2953.257007
23.10483155	113.3448499	0501	2094.671869
23.08280922	113.2929272	0502	4161.049961
23.08293112	113.2934438	0503	4111.603706
23.10815359	113.3117107	0504	1315.964842
23.0968528	113.2906035	0505	3622.766376
23.06315734	113.3646997	0506	6336.176067
23.07284432	113.3113609	0507	3971.145287
23.07267048	113.3109996	0508	4001.900909
23.07350832	113.3089423	0509	3993.346003
23.09866075	113.2876385	0510	3823.057598
23.10608204	113.3150025	0511	966.8421164
23.10909927	113.2863779	0512	2909.359136
23.07291504	113.3591541	0513	5150.065396
23.10904524	113.2867449	0514	2942.54795
23.07619087	113.2972712	0515	4365.875883
23.09674521	113.2733857	0516	3321.498749
23.07414653	113.3633138	0517	5359.299418
23.08762923	113.3338413	0518	2304.644613
23.10959733	113.2644583	0519	1754.070424
23.11302326	113.2717933	0520	1582.329722
23.08626228	113.3252833	0521	2248.392313
23.08762923	113.3338413	0522	2304.644613
23.09083386	113.3481028	0523	2979.337336
23.09443038	113.2912593	0524	3648.743804
23.08611484	113.3571097	0525	4035.24824
23.09074297	113.347183	0526	2909.517355
23.08759594	113.2925606	0527	3878.141825
23.06997542	113.2871034	0528	5572.813695
23.09395878	113.2918453	0529	3612.922344
23.09395878	113.2918453	0530	3612.922344
23.07809247	113.2881606	0531	4871.418883
23.10572662	113.3155669	0532	911.8999196
23.08702438	113.3198584	0533	2212.366697
23.07492128	113.2841109	0534	5415.444263
23.08663504	113.3251015	0535	2206.331056
23.08619006	113.325538	0536	2257.555199
23.08762923	113.3338413	0537	2304.644613
23.08777107	113.327694	0538	2105.359277
23.08393271	113.3575898	0539	4215.57651
23.0885492	113.3250723	0540	1993.496639
23.1045085	113.3148747	0541	1002.917948
23.08238575	113.3038992	0542	3404.06616
23.08135228	113.3015904	0543	3642.081673
23.08169015	113.3026379	0544	3544.973038
23.08371758	113.296943	0545	3783.294978
23.08024183	113.2971605	0546	4036.536179
23.08703248	113.2980198	0547	3460.715725
23.08703864	113.3001433	0548	3293.419902
23.10764362	113.2701929	0549	2067.14852
23.09830727	113.2771132	0550	3290.350836
23.06045481	113.3396684	0551	5348.107616
23.08855622	113.3276184	0552	2017.937191
23.05642216	113.3468796	0553	6019.407515
23.07535847	113.2994357	0554	4302.429329
23.09450564	113.3494191	0555	2879.766534
23.0769887	113.306174	0556	3773.344508
23.09830727	113.2771132	0557	3290.350836
23.10764362	113.2701929	0558	2067.14852
23.11502775	113.2691385	0559	1260.114323
23.0908047	113.286799	0560	4226.18417
23.08216973	113.3399428	0561	3132.438754
23.08267459	113.3418352	0562	3187.949848
23.11712058	113.2787457	0563	1756.421798
23.10004705	113.2703402	0564	2887.097576
23.07510657	113.27627	0565	5725.867339
23.10947776	113.2747799	0566	2077.407986
23.08605616	113.2910893	0567	4097.833915
23.08371085	113.2907706	0568	4274.080348
23.09280254	113.3140215	0569	1856.307733
23.09734752	113.3148837	0570	1408.937561
23.0960694	113.3132581	0571	1626.792543
23.08762923	113.3338413	0572	2304.644613
23.08762923	113.3338413	0573	2304.644613
23.09640402	113.3144109	0574	1518.50013
23.09280254	113.3140215	0575	1856.307733
23.08544367	113.3855935	0576	6676.906315
23.09618582	113.3140307	0577	1562.714326
23.09338705	113.3134209	0578	1840.475626
23.09795055	113.3143101	0579	1404.206024
23.09528619	113.3185577	0580	1381.554366
23.09389183	113.3159897	0581	1644.28462
23.09436	113.3167254	0582	1560.856984
23.09389183	113.3159897	0583	1644.28462
23.09716146	113.3136987	0584	1509.725323
23.08762923	113.3338413	0585	2304.644613
23.09389183	113.3159897	0586	1644.28462
23.09409555	113.3163308	0587	1606.764973
23.09420024	113.3188899	0588	1477.76037
23.0878842	113.3451148	0589	2956.176178
23.09692509	113.3269848	0590	1092.40781
23.08973575	113.2976973	0591	3308.616594
23.08308279	113.3399863	0592	3047.616443
23.08637024	113.3412992	0593	2822.298622
23.11019087	113.329128	0594	632.9373776
23.06625282	113.3205315	0595	4489.610037
23.08308279	113.3399863	0596	3047.616443
23.09702401	113.271248	0597	3235.495053
23.09179241	113.3108031	0598	2147.138
23.08443045	113.3005584	0599	3460.446837
23.09378139	113.3058854	0600	2365.169196
23.07471447	113.309575	0601	3844.558862
23.0938719	113.3071937	0602	2252.902743
23.09236038	113.310923	0603	2091.408001
23.09538155	113.31135	0604	1820.419569
23.09120807	113.3040622	0605	2688.137028
23.09369936	113.3105567	0606	2008.498249
23.1379793	113.2105169	0607	4982.058773
23.09908867	113.3087889	0608	1799.399472
23.08981619	113.3357429	0609	2182.50254
23.08636387	113.3323075	0610	2375.664202
23.07122717	113.2953972	0611	4917.782004
23.07708809	113.2899715	0612	4807.015272
23.08727993	113.3326277	0613	2291.827789
23.08719521	113.3339208	0614	2351.935859
23.08762923	113.3338413	0615	2304.644613
23.06273312	113.3638479	0616	6316.154335
23.07618942	113.2946005	0617	4544.805137
23.07784748	113.2986038	0618	4137.052875
23.10627448	113.3002881	0619	2470.892372
23.1229609	113.2624036	0620	318.8808504
23.08762923	113.3338413	0621	2304.644613
23.07951586	113.2823217	0622	5248.503438
23.11421758	113.285233	0623	2491.799413
23.08762923	113.3338413	0624	2304.644613
23.08205701	113.280943	0625	5114.924219
23.10607866	113.2918264	0626	3336.499191
23.08762923	113.3338413	0627	2304.644613
23.0765992	113.3605562	0628	4967.160535
23.08762923	113.3338413	0629	2304.644613
23.07402047	113.3605711	0630	5164.407791
23.07837933	113.3554514	0631	4451.114761
23.08762923	113.3338413	0632	2304.644613
23.07152743	113.3273101	0633	3896.22882
23.07402047	113.3605711	0634	5164.407791
23.07796368	113.3569347	0635	4592.235554
23.07838549	113.358134	0636	4650.140071
23.07781713	113.3550919	0637	4469.339259
23.08444791	113.3294982	0638	2502.435521
23.07775339	113.3546727	0639	4444.461428
23.07246747	113.323825	0640	3781.21037
23.0718287	113.2890075	0641	5289.245773
23.08065868	113.2770048	0642	5143.795542
23.07294792	113.3250291	0643	3727.728453
23.10737998	113.2957577	0644	2935.883912
23.08762923	113.3338413	0645	2304.644613
23.07094246	113.32752	0646	3962.738994
23.08658267	113.3421038	0647	2854.966204
23.08762923	113.3338413	0648	2304.644613
23.09377133	113.3676052	0649	4634.507958
23.09544271	113.3453691	0650	2466.220616
23.09608467	113.3047565	0651	2321.355824
23.07991274	113.2808283	0652	5336.258071
23.09899171	113.2601142	0653	2961.131469
23.09312304	113.2935605	0654	3490.170051
23.07540145	113.2892083	0655	4992.471014
23.09857836	113.2662736	0656	2987.236674
23.07401136	113.2887508	0657	5133.832796
23.09660821	113.321503	0658	1136.933666
23.09863094	113.3182336	0659	1078.51049
23.10543561	113.2895225	0660	3416.631526
23.0958718	113.3252172	0661	1180.866432
23.12437571	113.2829182	0662	1927.764192
23.08762923	113.3338413	0663	2304.644613
23.08572322	113.3332898	0664	2477.703565
23.09227222	113.3127916	0665	1978.043378
23.09150881	113.3161723	0666	1866.288357
23.0910146	113.3255241	0667	1721.859747
23.10130249	113.3146942	0668	1150.991884
23.09656735	113.3213264	0669	1146.212573
23.10041876	113.333484	0670	1143.15524
23.10104752	113.3364545	0671	1368.055095
23.10275735	113.318254	0672	755.8890719
23.07324994	113.3134624	0673	3860.768575
23.08762923	113.3338413	0674	2304.644613
23.09060267	113.3623609	0675	4260.314241
23.09478623	113.3367409	0676	1807.882065
23.09134812	113.3632169	0677	4307.122557
23.09100546	113.3318167	0678	1877.336721
23.09019405	113.2772433	0679	4135.851269
23.09169795	113.2754754	0680	3920.66434
23.07668521	113.3096702	0681	3640.278522
23.09821801	113.268301	0682	3049.457184
23.10905359	113.3179521	0683	723.7703882
23.10022614	113.2726541	0684	2929.46135
23.06418839	113.362687	0685	6115.785297
23.10274771	113.2711952	0686	2617.963606
23.08249298	113.3850366	0687	6746.434695
23.15365534	113.2342723	0688	2457.055182
23.09735944	113.2842601	0689	3735.226934
23.17204515	113.2813927	0690	3525.186705
23.1972434	113.2627572	0691	4297.774748
23.2075447	113.2432108	0692	2349.38545
23.21081029	113.2450433	0693	2066.330287
23.21081029	113.2450433	0694	2066.330287
23.16551455	113.2295885	0695	3417.660686
23.29451408	113.3313063	0696	8546.374757
23.22906404	113.3128156	0697	2392.852634
23.29451408	113.3313063	0698	8546.374757
23.16551455	113.2295885	0699	3417.660686
23.1882337	113.2684768	0700	4502.176467
23.22172826	113.3087789	0701	2095.931878
23.19082252	113.2724791	0702	4479.861006
23.29451408	113.3313063	0703	8546.374757
23.22152157	113.309553	0704	2178.184734
23.17819414	113.2647026	0705	3327.073163
23.16970076	113.245911	0706	2604.621167
23.17859247	113.2639853	0707	3355.672903
23.29451408	113.3313063	0708	8546.374757
23.22152157	113.309553	0709	2178.184734
23.22075746	113.3080152	0710	2062.063365
23.17664253	113.2559723	0711	3083.271137
23.19684776	113.2734356	0712	3827.905688
23.22620436	113.3073348	0713	1840.3801
23.23160086	113.3106535	0714	2205.955562
23.22385331	113.306929	0715	1846.204413
23.19246089	113.2736317	0716	4266.475
23.2207284	113.3089485	0717	2151.436244
23.23782901	113.308346	0718	2221.830603
23.22481794	113.3054284	0719	1672.319162
23.16732015	113.2597465	0720	2051.387567
23.23396983	113.3109769	0721	2300.483365
23.19462568	113.2640926	0722	4522.947978
23.23407815	113.3101896	0723	2227.245523
23.23543796	113.2770141	0724	1515.590234
23.17583833	113.2481992	0725	3144.109879
23.19886704	113.2716597	0726	3711.458551
23.21273332	113.2413421	0727	1742.897458
23.16615703	113.2591405	0728	1917.168858
23.22557919	113.3125664	0729	2379.363742
23.1761072	113.2475017	0730	3195.220285
23.149658	113.2253947	0731	3309.608189
23.19928979	113.2671345	0732	3919.952735
23.19993947	113.2613617	0733	3973.610638
23.20932455	113.2579986	0734	2966.687822
23.21080059	113.2590832	0735	2938.048692
23.19803415	113.2646108	0736	4185.449016
23.21021749	113.2556476	0737	2727.000897
23.20841472	113.2577212	0738	3018.376006
23.19797648	113.3331576	0739	5576.721277
23.29451408	113.3313063	0740	8546.374757
23.15870575	113.2662883	0741	1390.920049
23.22596441	113.272686	0742	1725.301438
23.18968038	113.2672583	0743	4630.642559
23.17903723	113.2753205	0744	3795.728139
23.29451408	113.3313063	0745	8546.374757
23.19071731	113.2582008	0746	4643.139269
23.19086356	113.2558512	0747	4541.849007
23.19166658	113.2583624	0748	4576.49723
23.22975601	113.293487	0749	459.5006333
23.20256571	113.3294117	0750	4967.902433
23.24077183	113.2899343	0751	1423.581983
23.17679539	113.2427467	0752	3454.381288
23.24237056	113.2816939	0753	1784.86957
23.29451408	113.3313063	0754	8546.374757
23.19826252	113.2586816	0755	3963.326581
23.20025698	113.3283594	0756	5032.874159
23.24560454	113.2888119	0757	1961.023478
23.29451408	113.3313063	0758	8546.374757
23.24426247	113.2777915	0759	2166.220934
23.24383596	113.2876449	0760	1772.740875
23.21901243	113.3357352	0761	4835.805609
23.24378498	113.2856705	0762	1799.123685
23.22680334	113.3094638	0763	2051.4879
23.13699912	113.3948015	0764	7136.890095
23.17474288	113.2416578	0765	3305.48408
23.24560454	113.2888119	0766	1961.023478
23.24560454	113.2888119	0767	1961.023478
23.15641688	113.2530431	0768	958.7718428
23.220519	113.2340276	0769	886.3825781
23.18848224	113.2338488	0770	4400.65655
23.17973157	113.262242	0771	3451.954506
23.19899749	113.2610729	0772	4038.306593
23.18843764	113.2354044	0773	4396.101175
23.17978401	113.262046	0774	3455.133611
23.18091592	113.2621524	0775	3581.36244
23.16478319	113.2473809	0776	2054.227487
23.19986204	113.258489	0777	3805.221658
23.19638848	113.2725975	0778	3911.051066
23.20526565	113.2611606	0779	3514.446338
23.19331614	113.2401122	0780	3861.294155
23.15994989	113.2278135	0781	3296.073485
23.19746128	113.2366326	0782	3389.383106
23.20118206	113.2627445	0783	3958.041008
23.185965	113.2552556	0784	4122.417798
23.17923709	113.2590134	0785	3368.827065
23.1998715	113.2585149	0786	3805.872882
23.18851763	113.2567373	0787	4399.556829
23.15620952	113.2280859	0788	3138.684159
23.20062261	113.2614293	0789	3918.736551
23.29451408	113.3313063	0790	8546.374757
23.16705287	113.2287605	0791	3582.446775
23.16697007	113.2358627	0792	3003.220388
23.16426121	113.2281478	0793	3472.308989
23.16835494	113.2304667	0794	3526.122433
23.22038167	113.2321281	0795	987.2245168
23.21280913	113.2563331	0796	2579.309996
23.20808563	113.2577813	0797	3049.036174
23.16524223	113.2286286	0798	3484.928016
23.18217853	113.2613571	0799	3711.746948
23.18749279	113.2575708	0800	4284.408524
23.19898134	113.2488865	0801	3434.221654
23.21238008	113.2455835	0802	1930.500456
23.17505201	113.245989	0803	3140.553038
23.21935059	113.2920397	0804	995.7300654
23.17148317	113.2721342	0805	2903.712424
23.25614853	113.3214684	0806	4530.879791
23.17565746	113.2420579	0807	3374.410043
23.21372435	113.2599992	0808	2815.323465
23.29451408	113.3313063	0809	8546.374757
23.17480224	113.2576545	0810	2873.260635
23.17628972	113.2569385	0811	3039.79179
23.19141113	113.2669427	0812	4670.412132
23.18587456	113.2571944	0813	4104.82946
23.22653607	113.2354234	0814	239.2869085
23.16474804	113.26768	0815	2027.388825
23.14899517	113.1701124	0816	8960.894828
23.17905304	113.2571002	0817	3346.581294
23.1726583	113.2597049	0818	2642.367182
23.21972176	113.2312636	0819	1096.6671
23.18428586	113.233682	0820	4635.115489
23.21701057	113.2848997	0821	1304.320766
23.21774241	113.2316159	0822	1269.219151
23.21232983	113.3325744	0823	4739.966533
23.21671701	113.229748	0824	1461.748829
23.16893487	113.2760813	0825	2905.490445
23.21039927	113.331032	0826	4679.277467
23.21301495	113.2392469	0827	1672.531901
23.18289047	113.2501184	0828	3852.565994
23.19890609	113.2732558	0829	3630.577905
23.24022717	113.2930114	0830	1410.436985
23.22301032	113.2559252	0831	1990.348663
23.29451408	113.3313063	0832	8546.374757
23.23640419	113.2853056	0833	1027.297571
23.24560454	113.2888119	0834	1961.023478
23.19697373	113.2484183	0835	3628.955057
23.19232397	113.3463288	0836	6478.702715
23.23654201	113.285113	0837	1049.408612
23.18454838	113.2523117	0838	3995.916195
23.21091918	113.2644936	0839	3176.497193
23.22787383	113.3117009	0840	2275.939668
23.16409511	113.2395024	0841	2512.783454
23.22872783	113.3112224	0842	2228.570659
23.19283563	113.2628347	0843	4700.896708
23.19025492	113.3292015	0844	5840.935309
23.22737521	113.3126598	0845	2374.842111
23.18637825	113.3297315	0846	5461.242206
23.17992592	113.2151645	0847	5550.928951
23.21344409	113.2646931	0848	3000.045285
23.21375646	113.2674042	0849	2750.541197
23.15268275	113.23529	0850	2333.916422
23.29451408	113.3313063	0851	8546.374757
23.17992592	113.2151645	0852	5550.928951
23.15292102	113.2342537	0853	2442.895712
23.29451408	113.3313063	0854	8546.374757
23.17595545	113.2641923	0855	3072.745617
23.17114122	113.2799194	0856	3349.010648
23.23053044	113.2723441	0857	1768.549336
23.16472703	113.2682921	0858	2057.42718
23.18617447	113.3315811	0859	5458.719837
23.16573237	113.2679602	0860	2136.694211
23.18760291	113.3293309	0861	5593.510588
23.17362081	113.2633331	0862	2800.52214
23.18816635	113.3329707	0863	5697.149453
23.17457471	113.2653971	0864	2953.126751
23.22234285	113.2980538	0865	1081.447928
23.22220281	113.2988216	0866	1154.882032
23.18654602	113.3324006	0867	5510.58976
23.17548991	113.2751534	0868	3444.416542
23.22320441	113.2952196	0869	794.9705616
23.15800356	113.2702271	0870	1623.667048
23.18394007	113.2793908	0871	4474.185748
23.15907497	113.2706768	0872	1734.752396
23.22286001	113.299456	0873	1172.130688
23.21638169	113.282026	0874	1494.884021
23.21458458	113.2824032	0875	1653.216131
23.2120392	113.2891444	0876	1772.518397
23.23938801	113.30976	0877	2434.288321
23.21842479	113.2864192	0878	1105.830182
23.2119763	113.2842362	0879	1856.682177
23.21230095	113.2845938	0880	1811.814666
23.21717004	113.284034	0881	1322.122346
23.21435318	113.2820337	0882	1692.943399
23.21252068	113.2844637	0883	1792.037506
23.21643674	113.2890167	0884	1283.984986
23.16048646	113.2704677	0885	1825.082075
23.2039612	113.2704814	0886	3298.531732
23.20637145	113.2285328	0887	2556.44603
23.23628282	113.30108	0888	1506.777276
23.20270245	113.2661344	0889	3683.072454
23.17449779	113.2613051	0890	2862.474051
23.20560732	113.2648246	0891	3536.771911
23.17431501	113.266745	0892	2965.060147
23.24196262	113.349727	0893	6354.375827
23.19493301	113.267895	0894	4282.938568
23.21065722	113.2806479	0895	2124.677539
23.21064085	113.2799764	0896	2156.179259
23.20980726	113.2772582	0897	2372.506711
23.36455785	113.2098988	0898	15445.16052
23.21790117	113.2911809	0899	1134.691647
23.23279101	113.282031	0900	926.1145434
23.23181953	113.2828578	0901	795.7151787
23.21210315	113.2646045	0902	3090.363758
23.20924966	113.2630645	0903	3362.191472
23.17969706	113.3256248	0904	4697.341422
23.23262559	113.2838394	0905	770.1721662
23.2419148	113.296958	0906	1730.222619
23.2258926	113.2607138	0907	2413.466675
23.23220257	113.2828156	0908	822.9054488
23.23220257	113.2828156	0909	822.9054488
23.29451408	113.3313063	0910	8546.374757
23.29451408	113.3313063	0911	8546.374757
23.2265657	113.2962791	0912	717.476368
23.2265657	113.2962791	0913	717.476368
23.2265657	113.2962791	0914	717.476368
23.22499187	113.2319476	0915	628.7827192
23.29451408	113.3313063	0916	8546.374757
23.16855947	113.254759	0917	2200.516422
23.22242701	113.237711	0918	615.0473398
23.22244292	113.2342204	0919	682.6976053
23.22114324	113.2319099	0920	929.0204303
23.22618785	113.2374362	0921	196.1320512
23.22575631	113.232599	0922	529.0361761
23.22082641	113.2298735	0923	1088.954269
23.2306603	113.3056785	0924	1687.092474
23.22332543	113.2744367	0925	1616.831098
23.22050464	113.2826379	0926	1082.53991
23.22450282	113.2720301	0927	1819.25297
23.22129673	113.2727296	0928	1860.99813
23.22288001	113.271505	0929	1917.129239
23.17809539	113.2469203	0930	3423.596877
23.22202087	113.2716705	0931	1931.625475
23.23525067	113.280295	0932	1234.843623
23.22138334	113.27877	0933	1312.902725
23.15633512	113.270731	0934	1559.405349
23.14935422	113.233401	0935	2490.508962
23.23439887	113.3108505	0936	2302.465663
23.14803299	113.2340485	0937	2426.141222
23.17893034	113.2535192	0938	3360.300165
23.20617703	113.278833	0939	2654.916041
23.18598142	113.3309846	0940	5430.215766
23.29451408	113.3313063	0941	8546.374757
23.23434698	113.3108435	0942	2300.002835
23.10252229	113.3221335	0943	498.449858
23.15363967	113.2398078	0944	1907.327932
23.29451408	113.3313063	0945	8546.374757
23.20298421	113.2302324	0946	2864.660113
23.18333071	113.247069	0947	3974.671129
23.20346559	113.2308918	0948	2796.546982
23.15239717	113.238021	0949	2053.572496
23.15487057	113.2372982	0950	2192.367991
23.18664944	113.2637415	0951	4235.023114
23.15999994	113.2399971	0952	2191.54742
23.15026215	113.2360735	0953	2221.583778
23.15297034	113.4125415	0954	9114.835938
23.29451408	113.3313063	0955	8546.374757
23.19430198	113.2728967	0956	4108.02078
23.20639486	113.2292435	0957	2529.736155
23.16092701	113.239809	0958	2266.43349
23.14912643	113.2260365	0959	3243.143421
23.19303239	113.2758203	0960	4127.082474
23.19530151	113.2762597	0961	3874.623675
23.19340072	113.2758701	0962	4086.8155
23.22453657	113.2546084	0963	1818.63734
23.21937459	113.2495827	0964	1583.624821
23.29451408	113.3313063	0965	8546.374757
23.20332592	113.2585497	0966	3500.006398
23.21593971	113.2473543	0967	1690.195441
23.21633129	113.24781	0968	1685.6085
23.236306	113.3459203	0969	5846.141618
23.24365225	113.280738	0970	1956.051373
23.20444656	113.2620582	0971	3643.69462
23.18588037	113.2543652	0972	4119.68471
23.20229579	113.258312	0973	3575.578935
23.16953657	113.2543605	0974	2313.916752
23.29451408	113.3313063	0975	8546.374757
23.2148451	113.2919583	0976	1482.99884
23.185858	113.2364275	0977	4646.002409
23.21458628	113.2931559	0978	1537.021254
23.21518756	113.3328086	0979	4655.496515
23.21565299	113.3005692	0980	1781.661596
23.21473408	113.2926992	0981	1510.092548
23.21329881	113.2918655	0982	1651.119323
23.21333624	113.290084	0983	1629.438116
23.23043918	113.3089391	0984	2012.385327
23.20949778	113.294132	0985	2110.356281
23.20606336	113.3350641	0986	5261.829859
23.19787458	113.2769683	0987	3581.305214
23.14106036	113.517519	0988	19688.48877
23.20707513	113.3358952	0989	5286.815845
23.19691103	113.3369855	0990	5962.705008
23.19219993	113.2655972	0991	4664.54566
23.2072038	113.3360354	0992	5293.426575
23.23756506	113.3024524	0993	1705.171735
23.17236609	113.2552631	0994	2614.806344
23.2059964	113.3357756	0995	5329.789475
23.22323709	113.2751832	0996	1548.071321
23.13464619	113.3051016	0997	2059.077757
22.736345	114.29276	0998	23401.86195
22.65746229	114.3476957	0999	29823.09171
22.7250156	114.2718812	1000	21202.51371
22.72269971	114.2725735	1001	21269.53005
22.65746229	114.3476957	1002	29823.09171
22.65746229	114.3476957	1003	29823.09171
22.73235925	114.2866672	1004	22749.67822
22.69926799	114.2641916	1005	20550.11521
22.72531133	114.2971672	1006	23796.03338
22.73490154	114.2830585	1007	22398.01104
22.73542986	114.2607239	1008	20118.27727
22.73526214	114.2839997	1009	22497.11075
22.73530136	114.2840665	1010	22504.25362
22.72805604	114.2974051	1011	23828.60752
22.71896733	114.2673088	1012	20729.7324
22.72556414	114.2764771	1013	21675.14496
22.73466108	114.3832577	1014	32655.90688
22.70652075	114.237706	1015	17764.14266
22.70123997	114.2335408	1016	17402.48851
22.722242	114.264709	1017	20462.51304
22.74551648	114.2744633	1018	21636.12967
22.7091761	114.2457202	1019	18560.00746
22.70442389	114.2449521	1020	18526.10606
22.73230316	114.2938262	1021	23482.43894
22.73516654	114.2926211	1022	23378.41976
22.72237661	114.2636763	1023	20356.71266
22.70241604	114.2331824	1024	17350.06957
22.74684355	114.2810882	1025	22328.78023
22.67679151	114.1684238	1026	11662.99662
22.70179996	114.2462511	1027	18689.5699
22.7503764	114.2841118	1028	22689.64571
22.74679997	114.2814093	1029	22360.80856
22.67679151	114.1684238	1030	11662.99662
22.71657334	114.26462	1031	20458.48904
22.72243511	114.260494	1032	20030.38626
22.71594076	114.2641777	1033	20414.91292
22.74990779	114.2852632	1034	22799.06057
22.72222972	114.2627237	1035	20258.88641
22.73898721	114.2916941	1036	23316.30081
22.72459528	114.2756081	1037	21583.73035
22.71974273	114.2483255	1038	18782.00252
22.74903563	114.2854073	1039	22800.19113
22.73073172	114.2289927	1040	16834.53802
22.72554895	114.2724564	1041	21262.8511
22.75249745	114.2854803	1042	22863.54189
22.73188624	114.3028398	1043	24403.20773
22.73382656	114.2614129	1044	20175.21905
22.7331071	114.2526879	1045	19276.99363
22.7342148	114.2613771	1046	20174.68061
22.70831192	114.2434107	1047	18330.7722
22.73970463	114.2927071	1048	23426.77464
22.70895636	114.239904	1049	17966.71244
22.73946157	114.261629	1050	20251.58499
22.65746229	114.3476957	1051	29823.09171
22.65746229	114.3476957	1052	29823.09171
22.700032	114.2367534	1053	17746.51969
22.65746229	114.3476957	1054	29823.09171
22.65746229	114.3476957	1055	29823.09171
22.74788622	114.2847665	1056	22717.88269
22.73635537	114.2619332	1057	20250.37587
22.67455842	114.2277209	1058	17445.13404
22.71199767	114.2468397	1059	18655.32724
22.60951798	114.1294791	1060	9999.34416
22.73173241	114.2616635	1061	20185.61386
22.73836674	114.264899	1062	20573.36041
22.732243	114.261357	1063	20157.71095
22.7344423	114.2863836	1064	22734.77532
22.72216701	114.2663643	1065	20632.22557
22.73875387	114.2830791	1066	22433.91625
22.73574677	114.2728672	1067	21362.53812
22.73297241	114.2872194	1068	22810.12401
22.71786812	114.2729068	1069	21305.46274
22.5708103	114.1445953	1070	9102.347093
22.72570425	114.2277593	1071	16680.90138
22.79120471	114.1055847	1072	8858.582559
22.70458164	114.2378447	1073	17798.95453
22.72080215	114.2680007	1074	20799.58593
22.70677747	114.2341628	1075	17399.59875
22.72570425	114.2277593	1076	16680.90138
22.70011627	114.2462028	1077	18706.82525
22.70011627	114.2462028	1078	18706.82525
22.72905239	114.2260978	1079	16526.93416
22.70316484	114.2478272	1080	18833.7354
22.70150175	114.2336098	1081	17405.88667
22.7341151	114.2769129	1082	21763.23782
22.69864675	114.2417616	1083	18276.18406
22.65746229	114.3476957	1084	29823.09171
22.7355461	114.2705996	1085	21128.95643
22.65746229	114.3476957	1086	29823.09171
22.71895274	114.26092	1087	20074.50376
22.55316139	114.1246391	1088	6685.547699
22.735718	114.262801	1089	20333.18496
22.73194096	114.2749276	1090	21544.9878
22.65746229	114.3476957	1091	29823.09171
22.7322152	114.2746865	1092	21522.06088
22.73198558	114.2752286	1093	21576.09026
22.731477	114.275707	1094	21621.92756
22.73195469	114.2752788	1095	21581.03454
22.72855155	114.2641527	1096	20422.65474
22.73456321	114.2748302	1097	21553.58814
22.7341565	114.2745946	1098	21526.34438
22.73305324	114.2761711	1099	21679.66285
22.73456648	114.2711724	1100	21179.43465
22.72789728	114.2642955	1101	20434.38701
22.74214041	114.2634722	1102	20471.86337
22.72272447	114.2509725	1103	19054.17297
22.72171594	114.2780743	1104	21832.97259
22.71392643	114.237995	1105	17738.81493
22.72115584	114.24764	1106	18711.29506
22.72639295	114.2470148	1107	18657.23158
22.70880822	114.2351312	1108	17479.76766
22.73556427	114.2758378	1109	21664.75463
22.73720479	114.2541654	1110	19465.3282
22.73652626	114.2751445	1111	21602.19012
22.73335327	114.271844	1112	21238.91696
22.73007657	114.3032102	1113	24431.96257
22.73563279	114.2781459	1114	21901.36665
22.72442564	114.2919969	1115	23264.01516
22.72325227	114.2995404	1116	24035.85001
22.72823238	114.2624803	1117	20249.82244
22.72538813	114.2953439	1118	23609.24777
22.7307068	114.2656576	1119	20588.16788
22.722555	114.301004	1120	24185.25675
22.72904357	114.2638435	1121	20393.32786
22.725358	114.261811	1122	20170.83966
22.727814	114.260776	1123	20073.33448
22.59509216	114.1209645	1124	8269.641646
22.73350323	114.2839298	1125	22476.94044
22.73221664	114.2567647	1126	19687.49538
22.65746229	114.3476957	1127	29823.09171
22.59509216	114.1209645	1128	8269.641646
22.73177451	114.2492856	1129	18918.88311
22.72375496	114.2615501	1130	20140.4848
22.73337445	114.2775156	1131	21819.5235
22.73533826	114.2594777	1132	19990.06802
22.73132808	114.2403392	1133	18000.06603
22.69828145	114.2436941	1134	18478.10186
22.73533826	114.2594777	1135	19990.06802
22.723003	114.269186	1136	20922.45739
22.69958647	114.2421262	1137	18299.43546
22.70415964	114.2345823	1138	17470.99889
22.65746229	114.3476957	1139	29823.09171
22.69859979	114.2430947	1140	18412.39185
22.70004714	114.2402084	1141	18097.74953
22.7026585	114.2364309	1142	17677.89901
22.65746229	114.3476957	1143	29823.09171
22.700952	114.235173	1144	17572.61763
22.72905166	114.2782714	1145	21871.72846
22.59671787	114.4823321	1146	43728.17971
22.70190763	114.2362357	1147	17667.7742
22.65746229	114.3476957	1148	29823.09171
22.74655125	114.2697451	1149	21171.45619
22.74031987	114.2862907	1150	22777.82982
22.71811748	114.2480026	1151	18750.97164
22.72961404	114.2445572	1152	18420.73535
22.74120498	114.2878247	1153	22943.90448
22.71102811	114.2369819	1154	17652.0362
22.72853255	114.2437285	1155	18329.88195
22.732041	114.297093	1156	23815.46605
22.73258234	114.2324722	1157	17205.01106
22.73412088	114.2814727	1158	22229.87283
22.73792076	114.2811252	1159	22226.25908
22.73801302	114.2815155	1160	22267.01414
22.71524652	114.2459915	1161	18552.74995
22.7307581	114.2424576	1162	18212.94116
22.64797517	114.237841	1163	19473.14518
22.70838561	114.2383159	1164	17809.09392
22.73801302	114.2815155	1165	22267.01414
22.63892492	114.5130004	1166	46834.73063
22.73202618	114.2323695	1167	17189.93149
22.7284182	114.2362671	1168	17564.89038
22.723273	114.2754344	1169	21563.62646
22.70964989	114.2611294	1170	20133.67364
22.7101966	114.2527857	1171	19275.70438
22.74101327	114.2678781	1172	20906.95846
22.72673316	114.2735391	1173	21377.44699
22.70044834	114.2409769	1174	18170.30943
22.73391699	114.2351752	1175	17493.12747
22.73354498	114.2417163	1176	18158.47334
22.69891398	114.2397181	1177	18064.46413
22.73248785	114.2374423	1178	17712.53858
22.70023796	114.239063	1179	17978.50476
22.73434232	114.2359449	1180	17575.76358
22.73389406	114.2396681	1181	17952.14843
22.57393075	113.8960683	1182	5429.441811
22.70285781	114.2351984	1183	17549.76521
22.70375668	114.2361072	1184	17631.3202
22.70135788	114.2380673	1185	17861.65282
22.70355002	114.2364764	1186	17671.46053
22.57170781	113.9054286	1187	4586.174019
22.57514149	113.8960094	1188	5527.063116
22.57498525	113.8967105	1189	5463.561001
22.57329032	113.8982118	1190	5221.476116
22.57208701	113.9050434	1191	4643.929744
22.57170781	113.9054286	1192	4586.174019
22.57090061	113.9002321	1193	4887.513648
22.58466698	113.9117696	1194	5447.593793
22.58466698	113.9117696	1195	5447.593793
22.58079663	113.8673371	1196	8230.881343
22.56574903	113.8948382	1197	4953.506325
22.58286164	113.9106085	1198	5320.85465
22.58466698	113.9117696	1199	5447.593793
22.57076412	113.8772541	1200	6779.570565
22.58639426	113.866136	1201	8685.663888
22.58032008	113.8983582	1202	5786.128844
22.57185771	113.8777792	1203	6794.631333
22.59219208	113.866349	1204	9063.197684
22.5963842	113.9044936	1205	6945.891135
22.56746423	113.8986769	1206	4753.128894
22.58787964	113.8661848	1207	8779.891453
22.58503773	113.8709198	1208	8201.537941
22.58787964	113.8661848	1209	8779.891453
22.58237794	113.9134731	1210	5142.897569
22.58569297	113.868949	1211	8406.9721
22.56777274	113.9082635	1212	4065.052846
22.56305545	113.902642	1213	4129.417352
22.58175242	114.1113526	1214	6571.690644
22.58175242	114.1113526	1215	6571.690644
22.56305545	113.902642	1216	4129.417352
22.56381198	113.8943855	1217	4873.466931
22.58505996	113.8804038	1218	7451.232946
22.567487	113.912186	1219	3784.638933
22.56371285	113.8906413	1220	5197.079166
22.58505996	113.8804038	1221	7451.232946
22.58485611	113.8804518	1222	7432.467933
22.5844226	113.8705045	1223	8194.500979
22.58491335	113.8798055	1224	7486.364744
22.58665744	113.9007896	1225	6199.975542
22.56001238	113.8966855	1226	4454.170906
22.55994522	113.9092287	1227	3385.324479
22.58815192	113.9024624	1228	6246.335581
22.58005616	113.9179984	1229	4723.854861
22.66929059	113.8178262	1230	3629.406145
22.58333928	113.8736621	1231	7863.128574
22.58130333	113.916484	1232	4910.024497
22.57966228	113.8765668	1233	7379.347035
22.5834227	113.8736621	1234	7868.762601
22.58536351	113.8758489	1235	7827.686844
22.574552	113.9023326	1236	5033.31494
22.58407411	113.875928	1237	7730.603456
22.56674424	113.9049221	1238	4220.053132
22.56427777	113.9017208	1239	4287.565324
22.56339727	113.900948	1240	4291.121466
22.58466984	113.8765473	1241	7723.264952
22.58399642	113.8761775	1242	7705.249537
22.53835813	113.9256918	1243	933.4089802
22.56899572	113.920738	1244	3479.571547
22.58646502	113.9083893	1245	5781.481711
22.58256967	113.9075724	1246	5443.649047
22.58210228	113.9084619	1247	5352.736691
22.58078574	113.9069813	1248	5305.850678
22.58170945	113.9080152	1249	5338.173614
22.580747	113.880359	1250	7144.239149
22.58280433	113.9046467	1251	5624.118994
22.57231277	113.8860783	1252	6109.078484
22.58298546	113.8928811	1253	6378.823771
22.58710274	113.9096838	1254	5784.603559
22.70743279	113.9300131	1255	11500.32601
22.58264451	113.9104378	1256	5307.584
22.58130002	113.8912427	1257	6357.396811
22.59407372	113.8948922	1258	7222.29247
22.5777155	113.8761729	1259	7286.637081
22.57990534	113.8820968	1260	6946.715323
22.570735	113.888782	1261	5781.222721
22.5844493	113.9016649	1262	5946.444766
22.58447308	113.8933025	1263	6474.179032
22.59051277	113.8960994	1264	6826.385992
22.58156106	113.8911684	1265	6383.505564
22.57622074	113.8767875	1266	7140.853651
22.59051277	113.8960994	1267	6826.385992
22.58156106	113.8911684	1268	6383.505564
22.58551616	113.8933101	1269	6561.893569
22.58975974	113.9195555	1270	5698.889596
22.83560706	113.981193	1271	15402.49825
22.58657224	113.8948959	1272	6549.741211
22.58714232	113.92269	1273	5336.928965
22.5931062	113.9021913	1274	6734.507586
22.58662304	113.894923	1275	6552.442688
22.58704292	113.9070484	1276	5902.995
22.57870726	113.8713344	1277	7760.234596
22.70743279	113.9300131	1278	11500.32601
22.58750507	113.9071832	1279	5941.642747
22.58702486	113.8798536	1280	7639.956327
22.5765008	113.8737567	1281	7418.009701
22.57539261	113.8912634	1282	5903.865399
22.57459415	113.8718554	1283	7472.913621
22.57609517	113.8906835	1284	6000.159444
22.5775761	113.8823847	1285	6762.529146
22.57722035	113.8746355	1286	7386.313289
22.5775761	113.8823847	1287	6762.529146
22.58138757	113.8648453	1288	8481.563936
22.5865403	113.8939175	1289	6609.842151
22.5650574	113.9148933	1290	3401.784892
22.55737888	113.9022956	1291	3808.572891
22.58680135	113.8936142	1292	6652.009616
22.83560706	113.981193	1293	15402.49825
22.58696366	113.8682111	1294	8552.526145
22.58138401	113.8873563	1295	6648.806169
22.58799559	113.8819219	1296	7560.482861
22.70743279	113.9300131	1297	11500.32601
22.57713838	113.8815121	1298	6804.343595
22.57422767	113.8796345	1299	6774.657951
22.57414978	113.8793988	1300	6790.013219
22.57254222	113.8756012	1301	7025.724426
22.56988703	113.9002529	1302	4808.445513
22.55494197	113.8925648	1303	4600.621488
22.58196682	113.8926201	1304	6313.442338
22.5819847	113.8802641	1305	7238.927287
22.59056162	113.8711638	1306	8568.037358
22.56370666	113.9040123	1307	4064.5953
22.56331309	113.9042475	1308	4018.132405
22.58990279	113.8898939	1309	7161.021743
22.56634249	113.8997181	1310	4591.499638
22.56623392	113.9004497	1311	4525.620107
22.58699587	113.8709936	1312	8329.131478
22.58699587	113.8709936	1313	8329.131478
22.5896745	113.9037767	1314	6322.433529
22.59101334	113.9031454	1315	6483.809193
22.57325564	113.9087706	1316	4508.771604
22.56947268	113.8957334	1317	5128.50827
22.59542882	113.9002998	1318	7055.050524
22.59188831	113.8995566	1319	6756.725479
22.57149045	113.9052479	1320	4580.009479
22.57321737	113.9060088	1321	4677.32807
22.56648854	113.8811251	1322	6201.886386
22.57149045	113.9052479	1323	4580.009479
22.57733564	113.9020945	1324	5286.081923
22.70743279	113.9300131	1325	11500.32601
22.58112485	113.8957339	1326	6029.491747
22.58839284	113.8676965	1327	8691.272222
22.5829664	113.8942729	1328	6282.357462
22.57467328	113.8863806	1329	6240.52592
22.59097019	113.8858211	1330	7523.76973
22.58246985	113.8750986	1331	7687.251
22.53470014	113.934485	1332	634.1397825
22.56437541	113.9074273	1333	3852.062687
22.56385438	113.908109	1334	3761.444089
22.58464742	113.8803318	1335	7426.284458
23.13146449	113.3995361	1336	7650.056053
23.12689122	113.4261471	1337	10408.73438
23.13146449	113.3995361	1338	7650.056053
23.12689122	113.4261471	1339	10408.73438
23.12719274	113.3212495	1340	1204.192984
23.13146449	113.3995361	1341	7650.056053
23.12689122	113.4261471	1342	10408.73438
23.13197292	113.3903746	1343	6711.934077
23.12665585	113.4158818	1344	9369.840199
23.12713794	113.410755	1345	8843.047746
23.16612927	113.3856429	1346	6971.328917
23.16612927	113.3856429	1347	6971.328917
23.16612927	113.3856429	1348	6971.328917
23.13074417	113.3978813	1349	7489.083144
23.13015565	113.4051322	1350	8233.36618
23.17348211	113.3608287	1351	5427.739033
23.12821529	113.4098525	1352	8736.61755
23.12630806	113.3197948	1353	1349.330785
23.12534511	113.4225283	1354	10062.76596
23.16439466	113.3047181	1355	3643.425788
23.14258247	113.3667378	1356	4304.97232
23.17666822	113.3620684	1357	5776.534083
23.17968896	113.3566751	1358	5703.982705
23.17387583	113.3594224	1359	5364.746481
23.17768665	113.3552943	1360	5440.573914
23.18051066	113.3578814	1361	5849.413364
23.16294539	113.3351079	1362	3016.553232
23.12027974	113.3625727	1363	4190.696082
23.15764978	113.3600448	1364	4228.018742
23.12616303	113.3779438	1365	5556.964771
23.15843	113.3582196	1366	4119.578597
23.15770545	113.3596657	1367	4198.5422
23.12027974	113.3625727	1368	4190.696082
23.18105596	113.3487012	1369	5419.575385
23.11850261	113.3648677	1370	4345.070472
23.11561808	113.3698543	1371	4754.050009
23.12188309	113.3631217	1372	4265.014677
23.17686221	113.3466704	1373	4909.695992
23.1232621	113.3705259	1374	4915.063019
23.16612927	113.3856429	1375	6971.328917
23.1599832	113.327562	1376	2518.433452
23.11704781	113.4236968	1377	10218.3202
23.15825359	113.3231669	1378	2320.138622
23.11967086	113.4234938	1379	10235.34866
23.13450356	113.3844024	1380	6082.316285
23.2065107	113.3774832	1381	9309.608868
23.17719024	113.3495078	1382	5078.902672
23.16611314	113.3381535	1383	3458.389906
23.17371213	113.3292307	1384	4054.497069
23.16611314	113.3381535	1385	3458.389906
23.16827689	113.3335065	1386	3535.540901
23.20192511	113.3714968	1387	8600.913655
23.16764912	113.3373636	1388	3587.124628
23.17719024	113.3495078	1389	5078.902672
23.12514889	113.4121114	1390	9011.585089
23.12648068	113.3346089	1391	1566.480509
23.12768631	113.3370741	1392	1644.143137
23.12239358	113.3364248	1393	2041.79524
23.16363731	113.4181906	1394	9962.163288
23.13548353	113.3508617	1395	2652.918484
23.18035058	113.3501187	1396	5416.696791
23.14542487	113.3508006	1397	2782.329859
23.13137513	113.4182555	1398	9559.055923
23.15758988	113.3603352	1399	4249.694551
23.17869957	113.3504804	1400	5273.93577
23.14846156	113.3521911	1401	3037.061745
23.1269365	113.4158015	1402	9357.734968
23.18559906	113.4272845	1403	11746.89161
23.12325301	113.409326	1404	8765.753558
23.21229199	113.3351799	1405	4990.056529
23.12677667	113.4156116	1406	9340.717769
23.13654075	113.3327505	1407	798.4484843
23.19040909	113.3668925	1408	7280.495873
23.13983198	113.3459426	1409	2157.040362
23.13680577	113.3315495	1410	673.0249052
23.13551006	113.3410369	1411	1653.456928
23.13727514	113.3372919	1412	1256.448887
23.13817712	113.3374182	1413	1271.722323
23.13708955	113.328776	1414	387.6830197
23.14101573	113.3400366	1415	1587.047349
23.1488008	113.3367353	1416	1740.552396
23.14607776	113.3514674	1417	2870.458341
23.13678979	113.3277248	1418	287.7606702
23.14748142	113.328281	1419	1163.921107
23.14646718	113.3454528	1420	2318.354688
23.14075167	113.3276629	1421	456.1396203
23.13380552	113.3510779	1422	2696.690176
23.14154175	113.3352617	1423	1142.830644
23.13561289	113.3283764	1424	401.0374886
23.13432054	113.3282204	1425	479.2342074
23.14131079	113.3271778	1426	482.6922572
23.13473456	113.3844024	1427	6080.97841
23.1348755	113.3510779	1428	2681.3485
23.11210082	113.4205127	1429	9844.859775
23.1332381	113.3860504	1430	6259.587646
23.12414195	113.4184381	1431	9668.069321
23.12851006	113.385554	1432	6270.751688
23.13751101	113.3887286	1433	6515.738305
23.17528334	113.3591743	1434	5467.596282
23.133459	113.3927599	1435	6942.290579
23.13541222	113.3868445	1436	6327.219379
23.1329009	113.386755	1437	6334.330723
23.13746237	113.3939663	1438	7051.296449
23.13254469	113.3923305	1439	6905.79392
23.13195489	113.3960025	1440	7285.380346
23.13332204	113.3929637	1441	6964.079354
23.13640029	113.3909426	1442	6743.170175
23.16612927	113.3856429	1443	6971.328917
23.13634096	113.3902345	1444	6670.898013
23.139168	113.3899453	1445	6642.829215
23.13856931	113.3879211	1446	6434.332016
23.13827848	113.3442595	1447	1970.843027
23.12659899	113.3184307	1448	1381.895182
23.13513458	113.3458752	1449	2149.519486
23.13660804	113.3445094	1450	1996.519677
23.11401571	113.4172338	1451	9526.547669
23.13817005	113.3495292	1452	2508.808921
23.1412689	113.3755147	1453	5181.897042
23.14141421	113.3763716	1454	5270.547475
23.16612927	113.3856429	1455	6971.328917
23.13480046	113.3496489	1456	2537.076792
23.18220065	113.3507131	1457	5626.80544
23.16612927	113.3856429	1458	6971.328917
23.16899087	113.3272302	1459	3513.809417
23.13053672	113.4266885	1460	10425.87384
23.17201533	113.3262802	1461	3844.954333
23.13053672	113.4266885	1462	10425.87384
23.12994731	113.3865783	1463	6351.172299
23.19729133	113.3735603	1464	8300.866513
23.12569654	113.4261346	1465	10423.34147
23.12991815	113.4225633	1466	10010.80377
23.16612927	113.3856429	1467	6971.328917
23.14688193	113.3370643	1468	1618.209187
23.18873396	113.3426464	1469	5980.185195
23.20342299	113.3729321	1470	8820.845867
23.13321387	113.3865685	1471	6312.618329
23.13266355	113.4163284	1472	9353.206676
23.1388268	113.3854092	1473	6178.172197
23.1596788	113.4061139	1474	8653.025684
23.11999581	113.4044682	1475	8320.860522
23.12774154	113.3499004	1476	2765.342722
23.12849295	113.3506186	1477	2802.290374
23.16612927	113.3856429	1478	6971.328917
23.15143167	113.3434853	1479	2446.393572
23.14142015	113.3436299	1480	1954.656418
23.14959161	113.3497039	1481	2863.200028
23.14468275	113.3470554	1482	2393.453497
23.20600271	113.3716077	1483	8746.24896
23.14963703	113.3467649	1484	2604.63973
23.14909746	113.3476144	1485	2649.392254
23.14709751	113.3441724	1486	2233.794485
23.20756556	113.3749618	1487	9030.576311
23.20317307	113.3738024	1488	8847.605848
23.15255891	113.3322385	1489	1834.916697
23.17843172	113.4044495	1490	9312.653894
23.15263157	113.3319798	1491	1831.856163
23.2043271	113.3733393	1492	8927.581571
23.12647416	113.4134182	1493	9122.748319
23.15617501	113.329269	1494	2126.538566
23.15133928	113.3277149	1495	1568.331916
23.13266369	113.4157032	1496	9289.381938
23.15180501	113.335155	1497	1903.254575
23.14751402	113.3299499	1498	1227.281507
23.13004651	113.3803827	1499	5722.152947
23.13317257	113.4156825	1500	9284.175926
23.12543383	113.3643246	1501	4237.021993
23.20200824	113.3923275	1502	9944.031255
23.12703338	113.3643038	1503	4182.24091
23.20168853	113.3996451	1504	10451.3481
23.16612927	113.3856429	1505	6971.328917
23.10421223	113.3799693	1506	5684.14677
23.13217801	113.378304	1507	5481.436069
23.13127899	113.3777383	1508	5435.672273
23.1565755	113.3742504	1509	5465.383582
23.13679863	113.4352589	1510	11273.76875
23.13167873	113.4103259	1511	8747.894
23.12964661	113.3227738	1512	897.9254631
23.18805487	113.3426541	1513	5908.474943
23.12599406	113.4092884	1514	8712.104673
23.13018356	113.3650205	1515	4170.831387
23.13244884	113.3476187	1516	2378.360349
23.1300382	113.3563747	1517	3311.980061
23.14567525	113.353414	1518	3045.062747
23.14567525	113.353414	1519	3045.062747
23.13266355	113.4163284	1520	9353.206676
23.16612927	113.3856429	1521	6971.328917
23.12941507	113.421894	1522	9947.498196
23.13092571	113.4169821	1523	9432.908726
23.12788294	113.4224692	1524	10022.79562
23.1315795	113.4206369	1525	9800.417866
23.13044548	113.3569604	1526	3359.212668
23.16612927	113.3856429	1527	6971.328917
23.16612927	113.3856429	1528	6971.328917
23.12396672	113.3252447	1529	1500.215469
23.14507604	113.336102	1530	1416.011113
23.12450363	113.3271153	1531	1456.380845
23.13208063	113.3275386	1532	651.489208
23.13197869	113.3264132	1533	625.8997664
23.14143644	113.364532	1534	4065.706765
23.12357872	113.325066	1535	1543.172216
23.12167394	113.3242589	1536	1690.94294
23.11304078	113.4245808	1537	10266.98026
23.14773422	113.3682532	1538	4567.225882
23.20558864	113.3926252	1539	10255.53878
23.12057422	113.3426641	1540	2435.459407
23.12591412	113.3234838	1541	1292.874228
23.16612927	113.3856429	1542	6971.328917
23.16612927	113.3856429	1543	6971.328917
23.12676802	113.3245208	1544	1189.559269
23.14013522	113.3797979	1545	5610.419624
23.16612927	113.3856429	1546	6971.328917
23.12195703	113.3462146	1547	2770.187715
23.14206099	113.379267	1548	5571.755973
23.13535117	113.3218998	1549	394.5459273
23.13039963	113.3455895	1550	2246.299576
23.17892257	113.3400783	1551	4861.480322
23.12034718	113.3432897	1552	2468.886586
23.16554821	113.28465	1553	3310.741745
23.19964558	113.3760509	1554	8663.039959
23.12530182	113.4031386	1555	8103.047697
23.17912801	113.419112	1556	10678.65682
23.18429338	113.327348	1557	5213.504995
23.17937189	113.3279819	1558	4670.679697
23.1968891	113.3339044	1559	5710.451939
23.16612927	113.3856429	1560	6971.328917
23.12832875	113.3666761	1561	4380.210815
23.13724964	113.3749859	1562	5110.588636
23.15532417	113.3310176	1563	2079.690714
23.16612927	113.3856429	1564	6971.328917
23.15532417	113.3310176	1565	2079.690714
23.12466861	113.4096942	1566	8775.870304
23.12383473	113.4086456	1567	8685.794421
23.13355601	113.4404129	1568	11808.64489
23.12767689	113.4079193	1569	8547.769909
23.16612927	113.3856429	1570	6971.328917
23.12788596	113.4050732	1571	8256.155599
23.1212872	113.4070672	1572	8581.839304
23.14637364	113.4417923	1573	11982.24686
23.12847237	113.4094135	1574	8688.699673
23.16878915	113.4199598	1575	10314.2624
23.1344562	113.3652092	1576	4124.418849
23.13438526	113.3869839	1577	6346.608091
23.12359974	113.429361	1578	10781.65766
23.16612927	113.3856429	1579	6971.328917
23.12382008	113.3997207	1580	7789.096246
23.12919481	113.3876633	1581	6472.534321
23.12282287	113.3975231	1582	7591.822519
23.12250187	113.4027422	1583	8121.155655
23.13002371	113.401493	1584	7864.675563
23.12713377	113.376333	1585	5372.53066
23.12992359	113.4046004	1586	8181.862886
23.13002371	113.401493	1587	7864.675563
23.12628673	113.4066537	1588	8440.824398
23.12857448	113.3990427	1589	7634.766612
23.12559859	113.4022057	1590	8003.494304
23.13897792	113.349357	1591	2495.678622
23.1235878	113.4025907	1592	8082.054048
23.17017578	113.387848	1593	7383.491579
23.19751235	113.3420008	1594	6351.443747
23.16549805	113.3877697	1595	7134.45071
23.16734838	113.3850509	1596	6981.04887
23.12895676	113.4276409	1597	10537.36177
23.08762923	113.3338413	1598	2304.644613
23.07526596	113.3061961	1599	3939.830846
23.07431922	113.3079451	1600	3953.218002
23.08844666	113.3151908	1601	2216.241688
23.07495823	113.3081202	1602	3881.342449
23.10950986	113.3793362	1603	5623.930124
23.05671252	113.3457198	1604	5945.127065
23.07471333	113.3098841	1605	3832.275958
23.10905189	113.3004557	1606	2470.398157
23.10452274	113.2748778	1607	2566.774206
23.1038499	113.2969338	1608	2828.902135
23.09982701	113.3295697	1609	905.4491062
23.10402876	113.296129	1610	2908.865201
23.10206968	113.2946714	1611	3084.312805
23.1038499	113.2969338	1612	2828.902135
23.1018158	113.3326661	1613	987.0684022
23.09651471	113.318158	1614	1280.066567
23.09683953	113.3041285	1615	2337.675108
23.08119079	113.32552	1616	2812.830539
23.10196853	113.326689	1617	550.3706576
23.10171723	113.3302597	1618	795.3197962
23.07960516	113.3043783	1619	3624.315735
23.10130249	113.3146942	1620	1150.991884
23.10161201	113.290321	1621	3531.759893
23.10093176	113.2752827	1622	2948.208221
23.10339376	113.3439109	1623	2019.863074
23.10022669	113.4064004	1624	8410.666939
23.10409692	113.3891577	1625	6623.609467
23.10807065	113.3136075	1626	1122.788804
23.08222922	113.2924188	1627	4242.153564
23.08762923	113.3338413	1628	2304.644613
23.09698354	113.2927236	1629	3411.660425
23.09032863	113.3268297	1630	1811.083042
23.10393906	113.3143144	1631	1073.746891
23.09447782	113.2911732	1632	3655.009474
23.07465443	113.3104149	1633	3817.569326
23.07695406	113.2998266	1634	4136.646507
23.10851879	113.2598354	1635	1923.645779
23.0758961	113.36097	1636	5051.003933
23.09221425	113.2906756	1637	3800.366344
23.1119085	113.268664	1638	1567.851332
23.10795801	113.3142908	1639	1051.804113
23.10792293	113.3140492	1640	1075.61852
23.09083386	113.3481028	1641	2979.337336
23.0737221	113.2845406	1642	5469.890731
23.08762923	113.3338413	1643	2304.644613
23.09238596	113.3492911	1644	2984.799533
23.07239962	113.2879002	1645	5322.127019
23.1084114	113.3373186	1646	1334.091244
23.07914179	113.2886298	1647	4759.621081
23.08677367	113.2972262	1648	3542.199805
23.07684881	113.3075814	1649	3717.923646
23.08258406	113.3040917	1650	3374.562912
23.08672971	113.3008221	1651	3264.335373
23.08733648	113.3290483	1652	2178.763956
23.07546247	113.2981229	1653	4374.483845
23.08733648	113.3290483	1654	2178.763956
23.10995874	113.2783032	1655	2246.450111
23.07607701	113.297356	1656	4370.142047
23.0917107	113.4135581	1657	9260.879183
23.08593834	113.281807	1658	4743.825408
23.06725712	113.3273701	1659	4370.283746
23.07613272	113.3065652	1660	3837.085872
23.07065979	113.3097507	1661	4255.987929
23.07039221	113.3052604	1662	4465.768859
23.07698687	113.3062944	1663	3767.436758
23.07731943	113.3010596	1664	4028.34006
23.09987585	113.3128431	1665	1394.888574
23.09931193	113.3136465	1666	1361.358428
23.08762923	113.3338413	1667	2304.644613
23.08762923	113.3338413	1668	2304.644613
23.09389183	113.3159897	1669	1644.28462
23.09712247	113.3142105	1670	1475.099293
23.09285199	113.3088446	1671	2199.710493
23.09604107	113.318256	1672	1321.03325
23.09689874	113.2719889	1673	3266.954215
23.10093176	113.2752827	1674	2948.208221
23.09632042	113.274793	1675	3410.191706
23.09265095	113.3193769	1676	1621.516911
23.09555317	113.318131	1677	1374.855476
23.09503502	113.3069376	1678	2196.15778
23.10901096	113.3064905	1679	1858.075257
23.09255349	113.3063001	1680	2416.33409
23.08572322	113.3332898	1681	2477.703565
23.08805182	113.2932511	1682	3791.317506
23.08443045	113.3005584	1683	3460.446837
23.09236038	113.310923	1684	2091.408001
23.07714796	113.2900116	1685	4799.481964
23.0716011	113.2948965	1686	4916.035729
23.09647399	113.2651525	1687	3214.74211
23.1065111	113.3208103	1688	371.9289974
23.09506187	113.303046	1689	2529.729394
23.09506187	113.303046	1690	2529.729394
23.11451284	113.2830336	1691	2281.890063
23.08745299	113.2871072	1692	4365.357005
23.08895869	113.2894971	1693	4070.48625
23.08559159	113.2844885	1694	4700.243053
23.08146501	113.281498	1695	5196.120316
23.10605419	113.2994464	1696	2557.299222
23.07499516	113.295539	1697	4581.512896
23.09861352	113.2829233	1698	3543.668772
23.08762923	113.3338413	1699	2304.644613
23.1229609	113.2624036	1700	318.8808504
23.10260563	113.2800968	1701	3013.932554
23.08762923	113.3338413	1702	2304.644613
23.10166714	113.2622021	1703	2642.599518
23.09313946	113.3020469	1704	2728.609057
23.08762923	113.3338413	1705	2304.644613
23.0917107	113.4135581	1706	9260.879183
23.10580377	113.2939866	1707	3116.162985
23.10940856	113.2816397	1708	2523.441515
23.07775339	113.3546727	1709	4444.461428
23.09790354	113.32271	1710	968.7352526
23.07026061	113.3288602	1711	4051.30074
23.07128795	113.288387	1712	5376.538564
23.07130722	113.2895576	1713	5293.528449
23.07281198	113.3229521	1714	3745.488814
23.10786555	113.291932	1715	3329.02567
23.08762923	113.3338413	1716	2304.644613
23.08762923	113.3338413	1717	2304.644613
23.09334428	113.2955808	1718	3293.33216
23.09700901	113.260711	1719	3172.403711
23.08762923	113.3338413	1720	2304.644613
23.08762923	113.3338413	1721	2304.644613
23.0917107	113.4135581	1722	9260.879183
23.10219818	113.2597322	1723	2614.825318
23.09754365	113.3186761	1724	1154.577429
23.08762923	113.3338413	1725	2304.644613
23.09953178	113.3176318	1726	1039.542145
23.08762923	113.3338413	1727	2304.644613
23.12721711	113.2784492	1728	1481.906846
23.09591553	113.3218488	1729	1203.076421
23.09168599	113.3191103	1730	1731.922584
23.09265998	113.3294557	1731	1618.594883
23.07684881	113.3075814	1732	3717.923646
23.09263391	113.3626296	1733	4197.387346
23.075812	113.2986129	1734	4313.028861
23.08612182	113.3324958	1735	2407.52609
23.09163649	113.3185607	1736	1755.620112
23.07052779	113.31686	1737	4071.005125
23.09894301	113.287792	1738	3808.695291
23.09265301	113.276923	1739	3867.05798
23.09193152	113.3341982	1740	1899.33168
23.09489198	113.2801737	1741	3766.617747
23.09238924	113.3613322	1742	4084.565081
23.11562445	113.2891822	1743	2784.680071
23.07668521	113.3096702	1744	3640.278522
23.10989837	113.2997111	1745	2558.373801
23.10857201	113.31583	1746	911.7785042
23.10846133	113.3094728	1747	1547.382813
23.0679458	113.3188794	1748	4321.150094
23.10902612	113.3035352	1749	2157.515653
23.10444656	113.2696277	1750	2394.177317
23.08762923	113.3338413	1751	2304.644613
23.08920967	113.2793408	1752	4312.346794
23.15690124	113.2655056	1753	1186.150756
23.09821801	113.268301	1754	3049.457184
23.09922949	113.3293998	1755	951.0363964
23.26872801	113.307638	1756	4898.302044
23.17035895	113.2293606	1757	3753.379354
23.19710927	113.2630462	1758	4327.592109
23.15526685	113.2519062	1759	921.4876915
23.20811235	113.2437689	1760	2304.483334
23.15181322	113.2323533	1761	2616.494736
23.19857613	113.2619219	1762	4128.262938
23.17849031	113.2650815	1763	3367.655362
23.1777654	113.2725093	1764	3540.087309
23.17099843	113.2765754	1765	3115.358564
23.19082252	113.2724791	1766	4479.861006
23.17907562	113.2725104	1767	3672.461161
23.16790989	113.2462342	1768	2413.790091
23.17625933	113.2780269	1769	3675.223989
23.22504963	113.3086006	1770	1986.007164
23.22121278	113.3060266	1771	1855.463086
23.22111554	113.3093186	1772	2171.041912
23.22210401	113.306686	1773	1880.575779
23.22239001	113.307514	1774	1949.770081
23.22219201	113.307905	1775	1994.674937
23.2207284	113.3089485	1776	2151.436244
23.19625055	113.2756209	1777	3799.596255
23.1968265	113.2742338	1778	3795.953783
23.22866101	113.313335	1779	2444.059746
23.22586384	113.3117601	1780	2294.050371
23.19645089	113.2746129	1781	3818.579438
23.22479721	113.3121255	1782	2346.131687
23.29451408	113.3313063	1783	8546.374757
23.23162617	113.309621	1784	2102.857911
23.29451408	113.3313063	1785	8546.374757
23.22481794	113.3054284	1786	1672.319162
23.22903525	113.31095	1787	2202.314129
23.23129397	113.3115257	1788	2287.891419
23.16398501	113.259348	1789	1678.329096
23.21564135	113.2876109	1790	1384.248013
23.1838535	113.2470508	1791	4031.099284
23.29451408	113.3313063	1792	8546.374757
23.23534819	113.2759616	1793	1601.542469
23.16568785	113.2558222	1794	1870.24937
23.23129397	113.3115257	1795	2287.891419
23.21273332	113.2413421	1796	1742.897458
23.19739349	113.2664449	1797	4133.025003
23.29451408	113.3313063	1798	8546.374757
23.19739349	113.2664449	1799	4133.025003
23.19740076	113.267063	1800	4096.788114
23.19715136	113.2662565	1801	4166.121203
23.19654017	113.2689274	1802	4075.408134
23.17598366	113.2480568	1803	3164.005746
23.1431788	113.2806584	1804	2428.329073
23.17645412	113.2630835	1805	3105.057331
23.19701417	113.3327588	1806	5609.165971
23.19856499	113.3331124	1807	5534.089085
23.17880966	113.2460895	1808	3526.651949
23.19770782	113.2790811	1809	3528.03257
23.19904075	113.2636778	1810	4156.659763
23.20893879	113.2551502	1811	2797.868195
23.21138061	113.2589472	1812	2885.913616
23.24167527	113.2813986	1813	1729.991929
23.1982075	113.2634835	1814	4241.178355
23.19648201	113.270398	1815	4005.882267
23.19112642	113.2561005	1816	4526.148678
23.2287019	113.2925815	1817	332.1628639
23.21225009	113.2757043	1818	2241.663383
23.21221834	113.2778106	1819	2116.614326
23.22843595	113.293573	1820	426.6213187
23.2258322	113.2730093	1821	1694.558484
23.23158622	113.2643764	1822	2591.015167
23.23158622	113.2643764	1823	2591.015167
23.19821157	113.1471934	1824	9773.9439
23.19703426	113.3473491	1825	6846.577683
23.22628842	113.2726572	1826	1723.920581
23.29451408	113.3313063	1827	8546.374757
23.20250399	113.3292359	1828	4957.056013
23.16495618	113.2412468	1829	2451.85874
23.21529796	113.2815603	1830	1623.028189
23.33185604	113.3038053	1831	11643.72368
23.18569596	113.2527107	1832	4117.00649
23.19688753	113.3384228	1833	6084.506732
23.24172154	113.2884332	1834	1531.618639
23.2398074	113.2909599	1835	1324.684102
23.2398074	113.2909599	1836	1324.684102
23.2420317	113.289767	1837	1563.116339
23.20528599	113.3257733	1838	4490.167553
23.24268189	113.2853742	1839	1686.672741
23.24380933	113.2925483	1840	1789.036971
23.20946083	113.3309223	1841	4713.744887
23.2267335	113.3123142	1842	2342.677262
23.24560454	113.2888119	1843	1961.023478
23.15633901	113.255376	1844	855.5634619
23.24499829	113.285723	1845	1930.085413
23.1744427	113.2416475	1846	3277.109088
23.18843764	113.2354044	1847	4396.101175
23.19465098	113.2608738	1848	4421.932143
23.2264976	113.3075051	1849	1854.502836
23.20072258	113.1651197	1850	7963.446762
23.29451408	113.3313063	1851	8546.374757
23.21926509	113.3355758	1852	4814.131627
23.16493367	113.2380315	1853	2687.087106
23.18611357	113.2542752	1854	4146.303454
23.1726583	113.2597049	1855	2642.367182
23.18111474	113.2610883	1856	3591.350853
23.18193083	113.2626624	1857	3700.056243
23.18071468	113.2624333	1858	3562.903553
23.18012566	113.2623721	1859	3497.161453
23.1793761	113.261655	1860	3405.238186
23.19465315	113.2639331	1861	4529.799273
23.17922035	113.2614401	1862	3385.525044
23.20081357	113.2619504	1863	3936.305052
23.29451408	113.3313063	1864	8546.374757
23.17901813	113.2594178	1865	3346.34137
23.16818649	113.2715772	1866	2562.396356
23.19241952	113.2395334	1867	3956.699313
23.16688491	113.2732741	1868	2547.243734
23.15945918	113.2266535	1869	3387.32424
23.15877019	113.2276922	1870	3261.433292
23.16717621	113.2715067	1871	2465.344822
23.22477976	113.3107911	1872	2211.743529
23.21757854	113.2579899	1873	2416.670273
23.2168788	113.2378364	1874	1231.477182
23.18204867	113.2607891	1875	3692.049627
23.20189345	113.3296657	1876	5031.994705
23.16873137	113.2715233	1877	2610.176573
23.16616134	113.2715405	1878	2375.56442
23.17465404	113.2432633	1879	3218.131515
23.2098914	113.2377288	1880	2007.449205
23.29451408	113.3313063	1881	8546.374757
23.29451408	113.3313063	1882	8546.374757
23.19898134	113.2488865	1883	3434.221654
23.24234814	113.2261859	1884	1958.01104
23.22632408	113.236442	1885	195.4803983
23.17459444	113.246055	1886	3090.998935
23.19048827	113.2636533	1887	4656.634368
23.17983493	113.2576488	1888	3432.868976
23.18587456	113.2571944	1889	4104.82946
23.18086336	113.2565436	1890	3549.373146
23.21324038	113.3333756	1891	4780.557102
23.21174194	113.3315996	1892	4672.327983
23.14236589	113.2254852	1893	3380.091652
23.18846528	113.2594175	1894	4395.7843
23.29451408	113.3313063	1895	8546.374757
23.21157833	113.3318833	1896	4706.102355
23.21650022	113.2368489	1897	1272.359228
23.18456675	113.2522467	1898	3998.869439
23.2235812	113.254971	1899	1879.443662
23.16673643	113.2579176	1900	1976.433514
23.2235812	113.254971	1901	1879.443662
23.20000441	113.3314981	1902	5306.495256
23.2177773	113.2881101	1903	1142.198247
23.19890609	113.2732558	1904	3630.577905
23.20075512	113.27751	1905	3262.836272
23.20003601	113.2742156	1906	3474.187621
23.23709476	113.2837807	1907	1166.475408
23.23536283	113.2856239	1908	908.5243252
23.20022701	113.27195	1909	3565.376196
23.22155066	113.2359355	1910	721.924071
23.23681619	113.2882604	1911	990.0055004
23.22793129	113.3115563	1912	2261.140268
23.1930726	113.2609633	1913	4574.706438
23.23715046	113.2912609	1914	1037.018921
23.22728751	113.3116174	1915	2268.681661
23.18454838	113.2523117	1916	3995.916195
23.18942726	113.3290308	1917	5793.496247
23.1930726	113.2609633	1918	4574.706438
23.21091918	113.2644936	1919	3176.497193
23.21091918	113.2644936	1920	3176.497193
23.21120299	113.2642363	1921	3179.005374
23.18970926	113.3262023	1922	5677.278174
23.2142451	113.2651987	1923	2908.9137
23.19266043	113.2719688	1924	4313.419629
23.29451408	113.3313063	1925	8546.374757
23.29451408	113.3313063	1926	8546.374757
23.17608227	113.2627872	1927	3059.120881
23.17444421	113.2649172	1928	2926.478289
23.15176041	113.233343	1929	2515.349337
23.424401	113.3183627	1930	22040.18902
23.1634267	113.2682868	1931	1935.41846
23.16811252	113.2762021	1932	2844.38675
23.18713812	113.3367782	1933	5653.905198
23.19009436	113.3431422	1934	6139.695496
23.17725985	113.2642174	1935	3215.09958
23.21273107	113.2477632	1936	2006.134014
23.17633701	113.277165	1937	3633.503296
23.18649004	113.3361458	1938	5569.937292
23.20909233	113.2483839	1939	2386.9721
23.18700194	113.3342532	1940	5589.709502
23.18447888	113.3385962	1941	5410.084585
23.22282685	113.2959984	1942	882.5178871
23.22233557	113.2976418	1943	1047.902666
23.21320536	113.287871	1944	1650.296036
23.22324771	113.2958978	1945	844.8205533
23.22324771	113.2958978	1946	844.8205533
23.21485182	113.2815247	1947	1668.063151
23.2137802	113.2843417	1948	1662.042775
23.2114839	113.2851633	1949	1885.089287
23.23820871	113.298803	1950	1487.234542
23.21698401	113.288298	1951	1227.883211
23.2109831	113.275621	1952	2358.310745
23.21875905	113.2886887	1953	1027.846836
23.21200718	113.2793396	1954	2053.374091
23.23812868	113.3024835	1955	1747.461913
23.21436627	113.2703356	1956	2469.218063
23.15996229	113.270095	1957	1757.090676
23.19262682	113.266279	1958	4587.811366
23.16712061	113.2699359	1959	2372.171836
23.23998153	113.3104757	1960	2531.157506
23.20357155	113.2303741	1961	2797.8017
23.20387275	113.2657423	1962	3611.48275
23.21233563	113.2572402	1963	2683.996334
23.20530823	113.2645219	1964	3582.154401
23.20503763	113.2651111	1965	3561.120423
23.21063304	113.2650988	1966	3146.51108
23.20034908	113.2690269	1967	3712.765893
23.21064205	113.2851849	1968	1975.796406
23.23270002	113.27977	1969	1117.836586
23.21098793	113.279291	1970	2154.52874
23.23029701	113.279492	1971	1047.487892
23.21764716	113.2895198	1972	1148.743677
23.20913873	113.2636757	1973	3363.536973
23.22818832	113.2926425	1974	329.3215916
23.22645368	113.2981238	1975	904.5975427
23.23437826	113.2817943	1976	1055.888221
23.23024749	113.2814387	1977	854.4547093
23.23270002	113.27977	1978	1117.836586
23.29451408	113.3313063	1979	8546.374757
23.23437826	113.2817943	1980	1055.888221
23.19624889	113.2688376	1981	4107.917885
23.23933466	113.2840285	1982	1378.08021
23.19641193	113.2736361	1983	3863.181099
23.22375942	113.2564425	1984	2020.445154
23.22634584	113.2545866	1985	1785.42933
23.19874545	113.2784678	1986	3438.035043
23.22398715	113.2305829	1987	806.339272
23.22392548	113.2709844	1988	1937.720502
23.22114401	113.231859	1989	931.9868937
23.22259501	113.237466	1990	594.7666166
23.29451408	113.3313063	1991	8546.374757
23.22997915	113.3107756	1992	2192.667624
23.29451408	113.3313063	1993	8546.374757
23.22284057	113.2749262	1994	1588.111505
23.29451408	113.3313063	1995	8546.374757
23.22294691	113.2714389	1996	1921.403246
23.22171187	113.272405	1997	1873.804095
23.22140682	113.2744787	1998	1693.30618
23.17955473	113.2439755	1999	3681.884682
23.22589883	113.2729862	2000	1695.869238
23.1436678	113.2267657	2001	3222.834773
23.18171481	113.256343	2002	3644.749064
23.2265306	113.2749326	2003	1489.864135
23.17671192	113.2651996	2004	3178.033534
23.22332543	113.2744367	2005	1616.831098
23.18848396	113.2576639	2006	4394.5898
23.19052335	113.3315148	2007	5938.146413
23.20617703	113.278833	2008	2654.916041
23.29451408	113.3313063	2009	8546.374757
23.10252229	113.3221335	2010	498.449858
23.18450212	113.3266313	2011	5233.852637
23.29451408	113.3313063	2012	8546.374757
23.15511852	113.2553496	2013	727.3920084
23.23578392	113.3110108	2014	2370.004165
23.16524421	113.2734749	2015	2420.779598
23.23519563	113.3115031	2016	2394.171619
23.22240105	113.2909963	2017	640.4760509
23.15381021	113.2550439	2018	606.1839664
23.18912219	113.263294	2019	4501.288047
23.18559135	113.2585354	2020	4073.714901
23.29451408	113.3313063	2021	8546.374757
23.17268536	113.2829081	2022	3683.767246
23.1848115	113.2605885	2023	3996.722189
23.23582425	113.3115529	2024	2423.24225
23.19977345	113.3341445	2025	5542.373194
23.16045484	113.2412345	2026	2118.064867
23.19512495	113.27609	2027	3899.069074
23.16003203	113.2401767	2028	2178.373214
23.16107389	113.2397168	2029	2283.664059
23.18815454	113.3264348	2030	5639.236838
23.16196003	113.2401761	2031	2306.339362
23.1861588	113.2485285	2032	4242.245932
23.20247992	113.2579831	2033	3538.999827
23.16948474	113.2852225	2034	3618.313549
23.20450885	113.2614836	2035	3597.9843
23.29451408	113.3313063	2036	8546.374757
23.21692369	113.2479832	2037	1647.503536
23.18588037	113.2545449	2038	4118.179582
23.21565299	113.3005692	2039	1781.661596
23.22438517	113.3074401	2040	1883.409795
23.22574216	113.3098176	2041	2098.264807
23.21830901	113.249483	2042	1649.817169
23.22053664	113.3046955	2043	1765.958154
23.29451408	113.3313063	2044	8546.374757
23.18969941	113.2376969	2045	4252.271518
23.21473408	113.2926992	2046	1510.092548
23.21146147	113.2913664	2047	1847.176503
23.21473408	113.2926992	2048	1510.092548
23.19606578	113.3383427	2049	6130.219929
23.21224798	113.2895845	2050	1749.139934
23.21154901	113.293868	2051	1882.295437
23.2445115	113.3048442	2052	2420.987816
23.17639872	113.2804575	2053	3833.172583
23.29451408	113.3313063	2054	8546.374757
23.19802987	113.2769843	2055	3564.587335
23.21923636	113.2869913	2056	1003.373623
23.23203276	113.3093386	2057	2083.861643
23.21171152	113.2847644	2058	1870.441452
23.20586901	113.3355051	2059	5311.783246
23.19628164	113.3347933	2060	5823.654611
23.19147731	113.3320696	2061	5955.104478
23.20791148	113.3384069	2062	5479.971248
23.20591889	113.3355849	2063	5316.45145
23.19141113	113.2669427	2064	4670.412132
23.22158101	113.273016	2065	1821.627354
23.15929622	113.3689538	2066	5107.621583