0.023809523809523808	18046.71098
0.005208333333333333	24052.19481
0.00980392156862745	17407.60136
0.004132231404958678	22749.67822
0.005154639175257732	19729.60049
0.07142857142857142	32688.94505
0.004347826086956522	21231.46843
0.0041841004184100415	21338.4349
0.04	16985.18326
0.004807692307692308	20701.03605
0.00684931506849315	18701.49132
0.005208333333333333	23477.0869
0.005780346820809248	22805.73519
0.005376344086021506	23537.95686
0.005434782608695652	21636.12967
0.004807692307692308	20542.2902
0.004484304932735426	21330.41686
0.005434782608695652	21636.12967
0.006622516556291391	22896.11803
0.004484304932735426	21262.8511
0.043478260869565216	16906.24773
0.007142857142857143	21608.5852
0.005319148936170213	23203.57026
0.004807692307692308	20279.3219
0.0048543689320388345	23363.62232
0.004366812227074236	22352.10691
0.005917159763313609	24403.20773
0.007142857142857143	21695.68358
0.005405405405405406	23753.37199
0.0049504950495049506	20311.06209
0.006944444444444444	18330.7722
0.005405405405405406	23753.37199
0.0049261083743842365	20169.36712
0.005917159763313609	24240.82266
0.004975124378109453	20129.17887
0.004975124378109453	20140.42371
0.004219409282700422	21428.79203
0.004132231404958678	22838.62318
0.004651162790697674	21042.21595
0.015151515151515152	18082.81109
0.006993006993006993	18176.0778
0.0070921985815602835	18298.45747
0.004807692307692308	20576.47247
0.0049261083743842365	20728.31682
0.004347826086956522	21804.40279
0.01	18276.18406
0.004807692307692308	20507.04706
0.0053475935828877	19098.88597
0.0051813471502590676	20002.14524
0.00423728813559322	21679.66285
0.007575757575757576	18470.36594
0.00411522633744856	21832.97259
0.004975124378109453	20868.12844
0.0072992700729927005	17738.81493
0.011363636363636364	18682.65365
0.005917159763313609	24430.07666
0.004166666666666667	23302.35303
0.00684931506849315	18944.01976
0.004219409282700422	21765.69711
0.004807692307692308	23042.60413
0.00423728813559322	21894.25797
0.005917159763313609	24431.96257
0.005025125628140704	23609.24777
0.0049261083743842365	19755.62711
0.029411764705882353	17970.91254
0.005025125628140704	23643.4351
0.029411764705882353	17970.91254
0.004166666666666667	23239.81373
0.0055248618784530384	23016.79729
0.004807692307692308	20184.73548
0.004807692307692308	20188.78382
0.005025125628140704	23748.79919
0.006993006993006993	18645.8908
0.00423728813559322	22123.70046
0.00392156862745098	23264.14611
0.01	18416.3573
0.05263157894736842	28220.16516
0.004651162790697674	21054.14155
0.0049261083743842365	19990.06802
0.010416666666666666	17420.09457
0.00980392156862745	17681.59302
0.00423728813559322	21789.15315
0.01	18141.05708
0.041666666666666664	17213.61804
0.008130081300813009	18750.97164
0.00819672131147541	18806.08698
0.005405405405405406	23880.56657
0.013333333333333334	18245.25888
0.008	18385.36211
0.0055248618784530384	22923.49746
0.004975124378109453	20703.50242
0.00423728813559322	21953.30595
0.06666666666666667	8471.652801
0.005154639175257732	22699.70445
0.006535947712418301	21134.56579
0.004347826086956522	21491.86723
0.007352941176470588	22751.41567
0.038461538461538464	16901.93301
0.00980392156862745	20150.81931
0.0055248618784530384	18896.76188
0.0055248618784530384	18896.76188
0.007633587786259542	20365.82382
0.01	18078.0614
0.004347826086956522	4586.174019
0.01	18416.3573
0.010638297872340425	6780.388811
0.0049504950495049506	5974.636011
0.004310344827586207	4838.934575
0.005208333333333333	24193.50644
0.029411764705882353	17952.14843
0.004310344827586207	4727.558405
0.0051813471502590676	5785.53337
0.004672897196261682	4956.385959
0.008	5907.474809
0.004347826086956522	4586.174019
0.009009009009009009	2600.173416
0.00510204081632653	5371.801481
0.0051813471502590676	5781.648016
0.023809523809523808	8321.371814
0.004347826086956522	4586.174019
0.006666666666666667	5929.078471
0.012345679012345678	6546.511006
0.012345679012345678	6602.935469
0.01098901098901099	6571.690644
0.016666666666666666	8417.611242
0.012345679012345678	6562.046881
0.00510204081632653	5193.154915
0.011111111111111112	7451.232946
0.02040816326530612	8001.569517
0.004201680672268907	4103.657587
0.011111111111111112	7581.008226
0.004329004329004329	4227.012692
0.00546448087431694	5738.921051
0.00510204081632653	5350.08572
0.012345679012345678	6545.471344
0.005076142131979695	5265.686111
0.00510204081632653	5050.112145
0.013333333333333334	7439.276511
0.00510204081632653	5447.593793
0.00510204081632653	5263.75208
0.005076142131979695	5658.950658
0.00510204081632653	5317.586263
0.0045045045045045045	5456.878458
0.0136986301369863	11500.32601
0.0049261083743842365	5681.958294
0.00510204081632653	5764.104708
0.00546448087431694	6399.200982
0.007518796992481203	5944.974986
0.005076142131979695	5344.333545
0.006493506493506494	5781.222721
0.009433962264150943	6561.893569
0.012195121951219513	7222.29247
0.009433962264150943	6560.97936
0.009433962264150943	6561.893569
0.022727272727272728	10805.50529
0.0136986301369863	7140.853651
0.0070921985815602835	5699.714418
0.006134969325153374	6734.507586
0.0055248618784530384	5311.512667
0.006024096385542169	5941.642747
0.010526315789473684	6826.385992
0.017543859649122806	7445.523797
0.005555555555555556	5892.608629
0.010526315789473684	6826.385992
0.005780346820809248	5701.026752
0.017241379310344827	7616.25837
0.008264462809917356	5935.230011
0.009900990099009901	6653.703008
0.009900990099009901	6652.009616
0.008264462809917356	5932.531094
0.006289308176100629	6939.383564
0.004672897196261682	4991.253064
0.020833333333333332	8492.570729
0.005319148936170213	5743.2139
0.00423728813559322	5270.869551
0.00425531914893617	4094.558437
0.005681818181818182	6544.062892
0.010638297872340425	7205.928031
0.007462686567164179	3994.33549
0.008064516129032258	4409.332576
0.0136986301369863	7121.462677
0.041666666666666664	5076.689295
0.007936507936507936	4704.105038
0.011235955056179775	6783.744827
0.004166666666666667	3682.121667
0.012345679012345678	6680.273674
0.0045871559633027525	5073.238474
0.0043859649122807015	5441.900818
0.005	4685.470864
0.005128205128205128	4785.912142
0.016666666666666666	8329.131478
0.0136986301369863	11500.32601
0.016666666666666666	8506.534922
0.004366812227074236	4811.676714
0.005025125628140704	4807.932575
0.004366812227074236	4591.499638
0.016666666666666666	8329.131478
0.00423728813559322	3850.620817
0.005494505494505495	6179.337145
0.005952380952380952	6381.341282
0.004329004329004329	5552.832159
0.00411522633744856	3420.726762
0.013157894736842105	6201.886386
0.003861003861003861	634.1397825
0.008928571428571428	5838.859845
0.016666666666666666	8433.524016
0.0045045045045045045	5378.893476
0.004098360655737705	3743.950758
0.0041841004184100415	3857.465668
0.004098360655737705	3793.903317
0.01098901098901099	7352.890614
0.01694915254237288	8860.105427
0.007352941176470588	10430.90901
0.012987012987012988	11194.03158
0.0070921985815602835	10313.39689
0.015873015873015872	9365.112131
0.007352941176470588	10408.73438
0.0033783783783783786	7877.119973
0.007352941176470588	10408.73438
0.0034482758620689655	7650.056053
0.007352941176470588	10449.86295
0.007194244604316547	10030.11645
0.007352941176470588	10443.34333
0.0034482758620689655	8929.737902
0.007936507936507936	6971.328917
0.007352941176470588	10629.68918
0.003436426116838488	6346.608091
0.0027100271002710027	5800.917381
0.006756756756756757	3757.403234
0.0027100271002710027	5732.015858
0.004273504273504274	3831.753207
0.0026666666666666666	5826.349913
0.006060606060606061	8731.866946
0.002631578947368421	5684.453514
0.002688172043010753	4808.334919
0.004273504273504274	3831.753207
0.002652519893899204	5462.744373
0.007692307692307693	4391.227685
0.002028397565922921	6076.531013
0.00423728813559322	4378.29088
0.004329004329004329	4991.797167
0.004166666666666667	4162.802909
0.0035335689045936395	5614.255036
0.004048582995951417	4414.328317
0.0045045045045045045	3022.126285
0.004291845493562232	4379.859475
0.008849557522123894	4186.415753
0.03333333333333333	9870.44265
0.004694835680751174	3510.859313
0.03225806451612903	10507.32801
0.007352941176470588	10480.03486
0.007936507936507936	6971.328917
0.007352941176470588	10312.74074
0.0034482758620689655	8698.136289
0.0022675736961451248	6813.521292
0.02857142857142857	9761.797542
0.02564102564102564	10069.01894
0.004901960784313725	3509.005991
0.0035211267605633804	5756.052625
0.002898550724637681	4794.509856
0.05555555555555555	9788.313312
0.002197802197802198	3678.488039
0.007874015748031496	1644.143137
0.005050505050505051	8540.872686
0.008403361344537815	1934.808039
0.007194244604316547	1979.632449
0.007692307692307693	1679.733053
0.045454545454545456	9766.468937
0.0047169811320754715	3434.585093
0.0022675736961451248	6684.985832
0.007936507936507936	6971.328917
0.008695652173913044	1328.346769
0.004291845493562232	2457.780725
0.007936507936507936	6971.328917
0.006172839506172839	9012.343523
0.037037037037037035	10940.92979
0.004901960784313725	3075.338579
0.004739336492890996	1018.373989
0.004901960784313725	2894.931824
0.16666666666666666	13321.51343
0.004694835680751174	2671.763717
0.00980392156862745	2166.70581
0.010752688172043012	2614.390052
0.004830917874396135	379.7759979
0.006622516556291391	9353.219538
0.004524886877828055	4534.933928
0.009259259259259259	939.5965016
0.003424657534246575	6943.638867
0.0035971223021582736	6210.416225
0.0035714285714285713	5236.459336
0.003401360544217687	6648.740677
0.003424657534246575	7051.296449
0.0032679738562091504	6259.587646
0.007633587786259542	9199.577523
0.0026109660574412533	5467.596282
0.003472222222222222	6229.384152
0.0034965034965034965	7298.558691
0.007575757575757576	9526.547669
0.007633587786259542	9717.822911
0.007575757575757576	9606.178379
0.003703703703703704	1688.109806
0.0035971223021582736	5915.106158
0.004694835680751174	2559.373462
0.0035460992907801418	6178.172197
0.005952380952380952	3495.826331
0.007575757575757576	9526.547669
0.003816793893129771	1792.611861
0.0049261083743842365	5286.026714
0.005235602094240838	3083.313171
0.0048543689320388345	5334.114899
0.0045871559633027525	4891.336581
0.0045871559633027525	4891.336581
0.004629629629629629	5404.710204
0.004784688995215311	5531.174833
0.009345794392523364	3564.622004
0.004484304932735426	5044.290965
0.002012072434607646	5959.707565
0.004201680672268907	5556.893301
0.0031847133757961785	6319.578389
0.0026109660574412533	8301.850938
0.0031847133757961785	6318.37467
0.002617801047120419	5547.377838
0.00909090909090909	3859.345525
0.047619047619047616	12208.90658
0.002012072434607646	5927.125602
0.0021008403361344537	4217.905988
0.0026109660574412533	8208.276854
0.03225806451612903	8850.365456
0.008928571428571428	1949.005459
0.007936507936507936	6971.328917
0.02631578947368421	8508.976951
0.02127659574468085	8133.71552
0.006756756756756757	9687.923926
0.00819672131147541	4175.118111
0.007194244604316547	10017.12921
0.005025125628140704	8242.143516
0.0034482758620689655	8759.358995
0.03571428571428571	8655.960424
0.02631578947368421	9338.875826
0.002617801047120419	8584.094083
0.03125	9312.653894
0.03571428571428571	9200.911792
0.0034482758620689655	8747.062017
0.009345794392523364	707.0818757
0.02631578947368421	9111.190257
0.0026246719160104987	8647.572769
0.007936507936507936	6971.328917
0.006666666666666667	1963.104925
0.027777777777777776	9944.031255
0.0047169811320754715	5458.312069
0.027777777777777776	9972.499972
0.007936507936507936	6971.328917
0.00425531914893617	1831.856163
0.006622516556291391	9465.269285
0.011111111111111112	11020.79772
0.010416666666666666	10726.64263
0.003436426116838488	7185.634495
0.007352941176470588	10437.52421
0.1111111111111111	11657.3805
0.02857142857142857	10451.3481
0.00392156862745098	4258.055227
0.003389830508474576	6879.988598
0.1111111111111111	12207.31877
0.004975124378109453	2932.464271
0.005	2824.647884
0.003355704697986577	6847.019462
0.006944444444444444	9951.810434
0.03125	11801.15152
0.013513513513513514	11398.81579
0.007633587786259542	9665.524749
0.0136986301369863	11387.82678
0.013157894736842105	11229.56087
0.014285714285714285	11255.23855
0.03125	11902.38717
0.0037593984962406013	4306.951829
0.00390625	4379.78936
0.006802721088435374	9629.203753
0.006666666666666667	9645.355848
0.00684931506849315	9400.435131
0.006802721088435374	9464.420095
0.0072992700729927005	9747.752798
0.003663003663003663	3425.459855
0.007194244604316547	10030.11645
0.006666666666666667	9512.00669
0.006896551724137931	1433.46269
0.007194244604316547	10030.11645
0.038461538461538464	7478.203909
0.004484304932735426	5231.886899
0.007692307692307693	6654.795992
0.004149377593360996	5571.755973
0.00411522633744856	3823.320003
0.0020408163265306124	4771.502312
0.004901960784313725	4286.904266
0.008849557522123894	2860.075917
0.009900990099009901	3261.668876
0.005025125628140704	4656.058042
0.007936507936507936	6971.328917
0.007936507936507936	6971.328917
0.002512562814070352	5710.451939
0.004366812227074236	2993.959237
0.041666666666666664	10800.83816
0.002512562814070352	4698.156582
0.007751937984496124	10745.08219
0.007936507936507936	6971.328917
0.004464285714285714	2626.639718
0.004975124378109453	8103.047697
0.005376344086021506	3323.000518
0.006172839506172839	8581.839304
0.005128205128205128	8634.57657
0.0040650406504065045	5592.675115
0.00425531914893617	2079.690714
0.007936507936507936	6971.328917
0.0034602076124567475	6634.247649
0.00425531914893617	2053.542581
0.007352941176470588	10697.83363
0.0625	12115.12101
0.002638522427440633	5539.645551
0.007936507936507936	6971.328917
0.004310344827586207	2784.338787
0.00411522633744856	4091.552746
0.16666666666666666	11688.90775
0.004975124378109453	8118.096835
0.006329113924050633	8849.76705
0.04	11894.5468
0.004608294930875576	3508.276432
0.006369426751592357	8058.588512
0.007692307692307693	4893.59855
0.004424778761061947	4836.429691
0.005	7842.527364
0.0022935779816513763	5149.179794
0.023809523809523808	8362.266431
0.004405286343612335	4895.157905
0.003367003367003367	7864.675563
0.0033783783783783786	7782.527118
0.0035335689045936395	5571.804741
0.004975124378109453	8184.591829
0.004975124378109453	8074.90327
0.004975124378109453	8067.056678
0.004975124378109453	7963.579953
0.0033783783783783786	7847.845323
0.003401360544217687	7651.275294
0.0033783783783783786	7761.684132
0.0034129692832764505	7737.365105
0.0034129692832764505	7727.091085
0.004975124378109453	7992.967333
0.008264462809917356	7287.432378
0.008264462809917356	7100.594176
0.038461538461538464	7330.109583
0.008264462809917356	7167.404337
0.030303030303030304	7656.976938
0.0033783783783783786	7846.649536
0.005025125628140704	8250.074635
0.008	7288.546997
0.007633587786259542	7474.633941
0.004524886877828055	2469.677271
0.004807692307692308	2240.76635
0.00411522633744856	2891.447043
0.004166666666666667	2843.207422
0.007936507936507936	6971.328917
0.0029239766081871343	2944.24476
0.007352941176470588	10537.36177
0.002512562814070352	5823.654611
0.002325581395348837	6004.208198
0.004629629629629629	2051.273182
0.006756756756756757	9661.308634
0.004201680672268907	3100.984188
0.004201680672268907	3100.420324
0.006711409395973154	1453.9092
0.027777777777777776	5337.663163
0.008695652173913044	1125.091348
0.027777777777777776	5337.663163
0.041666666666666664	6115.785297
0.02127659574468085	5945.127065
0.004672897196261682	3014.296971
0.006329113924050633	965.3512989
0.0033783783783783786	2118.328044
0.005319148936170213	3550.98469
0.007142857142857143	3624.315735
0.00684931506849315	4916.088421
0.0125	2131.706118
0.00909090909090909	2257.555199
0.008928571428571428	1923.752143
0.005917159763313609	414.7645724
0.0033783783783783786	2135.724287
0.008130081300813009	4699.01174
0.005917159763313609	590.4953394
0.004694835680751174	2165.209204
0.004032258064516129	3987.190978
0.004081632653061225	3534.759372
0.004464285714285714	2372.694824
0.0045871559633027525	2388.037015
0.015625	2362.785065
0.009708737864077669	2953.257007
0.011494252873563218	2094.671869
0.0058823529411764705	4161.049961
0.005681818181818182	4111.603706
0.0055248618784530384	1315.964842
0.003968253968253968	3622.766376
0.04	6336.176067
0.01	3971.145287
0.010101010101010102	4001.900909
0.012048192771084338	3993.346003
0.004048582995951417	3823.057598
0.006060606060606061	966.8421164
0.003105590062111801	2909.359136
0.027777777777777776	5150.065396
0.003105590062111801	2942.54795
0.008695652173913044	4365.875883
0.006060606060606061	3321.498749
0.027777777777777776	5359.299418
0.0125	2304.644613
0.004878048780487805	1754.070424
0.004081632653061225	1582.329722
0.00909090909090909	2248.392313
0.0125	2304.644613
0.018518518518518517	2979.337336
0.004098360655737705	3648.743804
0.017857142857142856	4035.24824
0.018518518518518517	2909.517355
0.004424778761061947	3878.141825
0.010416666666666666	5572.813695
0.004201680672268907	3612.922344
0.004201680672268907	3612.922344
0.007246376811594203	4871.418883
0.006097560975609756	911.8999196
0.006211180124223602	2212.366697
0.008695652173913044	5415.444263
0.00909090909090909	2206.331056
0.00909090909090909	2257.555199
0.0125	2304.644613
0.009009009009009009	2105.359277
0.018518518518518517	4215.57651
0.009009009009009009	1993.496639
0.006097560975609756	1002.917948
0.0051813471502590676	3404.06616
0.005917159763313609	3642.081673
0.005208333333333333	3544.973038
0.005681818181818182	3783.294978
0.007936507936507936	4036.536179
0.004901960784313725	3460.715725
0.0051813471502590676	3293.419902
0.0045045045045045045	2067.14852
0.004672897196261682	3290.350836
0.02040816326530612	5348.107616
0.00909090909090909	2017.937191
0.023255813953488372	6019.407515
0.008771929824561403	4302.429329
0.012345679012345678	2879.766534
0.008064516129032258	3773.344508
0.004672897196261682	3290.350836
0.0045045045045045045	2067.14852
0.0037593984962406013	1260.114323
0.0049504950495049506	4226.18417
0.01694915254237288	3132.438754
0.0196078431372549	3187.949848
0.003289473684210526	1756.421798
0.00625	2887.097576
0.010309278350515464	5725.867339
0.0035971223021582736	2077.407986
0.0048543689320388345	4097.833915
0.005847953216374269	4274.080348
0.005319148936170213	1856.307733
0.006211180124223602	1408.937561
0.005025125628140704	1626.792543
0.0125	2304.644613
0.0125	2304.644613
0.006211180124223602	1518.50013
0.005319148936170213	1856.307733
0.04	6676.906315
0.0055248618784530384	1562.714326
0.0051813471502590676	1840.475626
0.006329113924050633	1404.206024
0.005917159763313609	1381.554366
0.005952380952380952	1644.28462
0.005952380952380952	1560.856984
0.005952380952380952	1644.28462
0.006172839506172839	1509.725323
0.0125	2304.644613
0.005952380952380952	1644.28462
0.005952380952380952	1606.764973
0.005917159763313609	1477.76037
0.017857142857142856	2956.176178
0.006369426751592357	1092.40781
0.004878048780487805	3308.616594
0.01818181818181818	3047.616443
0.017543859649122806	2822.298622
0.005952380952380952	632.9373776
0.015625	4489.610037
0.01818181818181818	3047.616443
0.006060606060606061	3235.495053
0.004761904761904762	2147.138
0.005291005291005291	3460.446837
0.004545454545454545	2365.169196
0.0125	3844.558862
0.0045871559633027525	2252.902743
0.004761904761904762	2091.408001
0.005025125628140704	1820.419569
0.004694835680751174	2688.137028
0.0049504950495049506	2008.498249
0.029411764705882353	4982.058773
0.004901960784313725	1799.399472
0.012345679012345678	2182.50254
0.011494252873563218	2375.664202
0.010526315789473684	4917.782004
0.008333333333333333	4807.015272
0.00980392156862745	2291.827789
0.012048192771084338	2351.935859
0.0125	2304.644613
0.04	6316.154335
0.008403361344537815	4544.805137
0.009009009009009009	4137.052875
0.004608294930875576	2470.892372
0.003125	318.8808504
0.0125	2304.644613
0.0078125	5248.503438
0.003246753246753247	2491.799413
0.0125	2304.644613
0.006993006993006993	5114.924219
0.003703703703703704	3336.499191
0.0125	2304.644613
0.04	4967.160535
0.0125	2304.644613
0.027777777777777776	5164.407791
0.024390243902439025	4451.114761
0.0125	2304.644613
0.01639344262295082	3896.22882
0.027777777777777776	5164.407791
0.025	4592.235554
0.02564102564102564	4650.140071
0.02857142857142857	4469.339259
0.010752688172043012	2502.435521
0.02857142857142857	4444.461428
0.015151515151515152	3781.21037
0.008849557522123894	5289.245773
0.007575757575757576	5143.795542
0.014925373134328358	3727.728453
0.004098360655737705	2935.883912
0.0125	2304.644613
0.016666666666666666	3962.738994
0.017543859649122806	2854.966204
0.0125	2304.644613
0.018867924528301886	4634.507958
0.01818181818181818	2466.220616
0.0045871559633027525	2321.355824
0.008064516129032258	5336.258071
0.00641025641025641	2961.131469
0.004291845493562232	3490.170051
0.007936507936507936	4992.471014
0.006024096385542169	2987.236674
0.008849557522123894	5133.832796
0.0058823529411764705	1136.933666
0.006097560975609756	1078.51049
0.0036900369003690036	3416.631526
0.006172839506172839	1180.866432
0.002770083102493075	1927.764192
0.0125	2304.644613
0.012048192771084338	2477.703565
0.0048543689320388345	1978.043378
0.005917159763313609	1866.288357
0.00847457627118644	1721.859747
0.005952380952380952	1150.991884
0.005917159763313609	1146.212573
0.009009009009009009	1143.15524
0.009174311926605505	1368.055095
0.006097560975609756	755.8890719
0.011627906976744186	3860.768575
0.0125	2304.644613
0.018518518518518517	4260.314241
0.00980392156862745	1807.882065
0.014925373134328358	4307.122557
0.009345794392523364	1877.336721
0.005988023952095809	4135.851269
0.006024096385542169	3920.66434
0.009433962264150943	3640.278522
0.0064516129032258064	3049.457184
0.005847953216374269	723.7703882
0.006134969325153374	2929.46135
0.041666666666666664	6115.785297
0.005076142131979695	2617.963606
0.021739130434782608	6746.434695
0.0053475935828877	2457.055182
0.0048543689320388345	3735.226934
0.0078125	3525.186705
0.006329113924050633	4297.774748
0.007407407407407408	2349.38545
0.007692307692307693	2066.330287
0.007692307692307693	2066.330287
0.006896551724137931	3417.660686
0.021739130434782608	8546.374757
0.0070921985815602835	2392.852634
0.021739130434782608	8546.374757
0.006896551724137931	3417.660686
0.005813953488372093	4502.176467
0.006329113924050633	2095.931878
0.00684931506849315	4479.861006
0.021739130434782608	8546.374757
0.006329113924050633	2178.184734
0.005952380952380952	3327.073163
0.00510204081632653	2604.621167
0.005813953488372093	3355.672903
0.021739130434782608	8546.374757
0.006329113924050633	2178.184734
0.006711409395973154	2062.063365
0.005235602094240838	3083.271137
0.004545454545454545	3827.905688
0.0072992700729927005	1840.3801
0.0041841004184100415	2205.955562
0.0072992700729927005	1846.204413
0.006289308176100629	4266.475
0.005649717514124294	2151.436244
0.003787878787878788	2221.830603
0.007246376811594203	1672.319162
0.0047169811320754715	2051.387567
0.0038461538461538464	2300.483365
0.006329113924050633	4522.947978
0.0038461538461538464	2227.245523
0.007352941176470588	1515.590234
0.005319148936170213	3144.109879
0.004464285714285714	3711.458551
0.014705882352941176	1742.897458
0.0045871559633027525	1917.168858
0.0072992700729927005	2379.363742
0.0053475935828877	3195.220285
0.007874015748031496	3309.608189
0.006060606060606061	3919.952735
0.00641025641025641	3973.610638
0.006666666666666667	2966.687822
0.006756756756756757	2938.048692
0.006329113924050633	4185.449016
0.006493506493506494	2727.000897
0.006666666666666667	3018.376006
0.0029411764705882353	5576.721277
0.021739130434782608	8546.374757
0.005319148936170213	1390.920049
0.006993006993006993	1725.301438
0.005952380952380952	4630.642559
0.0070921985815602835	3795.728139
0.021739130434782608	8546.374757
0.0055248618784530384	4643.139269
0.0055248618784530384	4541.849007
0.0055248618784530384	4576.49723
0.006802721088435374	459.5006333
0.002898550724637681	4967.902433
0.004694835680751174	1423.581983
0.005747126436781609	3454.381288
0.007407407407407408	1784.86957
0.021739130434782608	8546.374757
0.006369426751592357	3963.326581
0.002890173410404624	5032.874159
0.006134969325153374	1961.023478
0.021739130434782608	8546.374757
0.007042253521126761	2166.220934
0.00625	1772.740875
0.01	4835.805609
0.0070921985815602835	1799.123685
0.007518796992481203	2051.4879
0.003436426116838488	7136.890095
0.004405286343612335	3305.48408
0.006134969325153374	1961.023478
0.006134969325153374	1961.023478
0.004761904761904762	958.7718428
0.02857142857142857	886.3825781
0.006666666666666667	4400.65655
0.005813953488372093	3451.954506
0.006369426751592357	4038.306593
0.006756756756756757	4396.101175
0.005813953488372093	3455.133611
0.005780346820809248	3581.36244
0.003875968992248062	2054.227487
0.006097560975609756	3805.221658
0.004545454545454545	3911.051066
0.00684931506849315	3514.446338
0.006802721088435374	3861.294155
0.0072992700729927005	3296.073485
0.006993006993006993	3389.383106
0.006024096385542169	3958.041008
0.005494505494505495	4122.417798
0.005235602094240838	3368.827065
0.006097560975609756	3805.872882
0.0053475935828877	4399.556829
0.007246376811594203	3138.684159
0.00641025641025641	3918.736551
0.021739130434782608	8546.374757
0.007142857142857143	3582.446775
0.006097560975609756	3003.220388
0.006896551724137931	3472.308989
0.006896551724137931	3526.122433
0.02857142857142857	987.2245168
0.006329113924050633	2579.309996
0.006666666666666667	3049.036174
0.006896551724137931	3484.928016
0.005376344086021506	3711.746948
0.005494505494505495	4284.408524
0.006024096385542169	3434.221654
0.013513513513513514	1930.500456
0.0055248618784530384	3140.553038
0.006756756756756757	995.7300654
0.006535947712418301	2903.712424
0.004081632653061225	4530.879791
0.0053475935828877	3374.410043
0.006944444444444444	2815.323465
0.021739130434782608	8546.374757
0.005376344086021506	2873.260635
0.0053475935828877	3039.79179
0.006134969325153374	4670.412132
0.005494505494505495	4104.82946
0.02857142857142857	239.2869085
0.005154639175257732	2027.388825
0.05263157894736842	8960.894828
0.005235602094240838	3346.581294
0.005434782608695652	2642.367182
0.02857142857142857	1096.6671
0.004807692307692308	4635.115489
0.006172839506172839	1304.320766
0.025	1269.219151
0.0028735632183908046	4739.966533
0.02857142857142857	1461.748829
0.007692307692307693	2905.490445
0.002857142857142857	4679.277467
0.015625	1672.531901
0.004901960784313725	3852.565994
0.004464285714285714	3630.577905
0.004464285714285714	1410.436985
0.018518518518518517	1990.348663
0.021739130434782608	8546.374757
0.006802721088435374	1027.297571
0.006134969325153374	1961.023478
0.005434782608695652	3628.955057
0.00228310502283105	6478.702715
0.006802721088435374	1049.408612
0.005235602094240838	3995.916195
0.004761904761904762	3176.497193
0.007042253521126761	2275.939668
0.006097560975609756	2512.783454
0.007042253521126761	2228.570659
0.005952380952380952	4700.896708
0.0025	5840.935309
0.007518796992481203	2374.842111
0.002506265664160401	5461.242206
0.009708737864077669	5550.928951
0.006493506493506494	3000.045285
0.007246376811594203	2750.541197
0.0053475935828877	2333.916422
0.021739130434782608	8546.374757
0.009708737864077669	5550.928951
0.0053475935828877	2442.895712
0.021739130434782608	8546.374757
0.005917159763313609	3072.745617
0.0078125	3349.010648
0.007194244604316547	1768.549336
0.005154639175257732	2057.42718
0.002044989775051125	5458.719837
0.005050505050505051	2136.694211
0.002506265664160401	5593.510588
0.005952380952380952	2800.52214
0.002044989775051125	5697.149453
0.005917159763313609	2953.126751
0.006802721088435374	1081.447928
0.006802721088435374	1154.882032
0.002044989775051125	5510.58976
0.006666666666666667	3444.416542
0.006802721088435374	794.9705616
0.005076142131979695	1623.667048
0.007246376811594203	4474.185748
0.005714285714285714	1734.752396
0.006802721088435374	1172.130688
0.006369426751592357	1494.884021
0.006369426751592357	1653.216131
0.006493506493506494	1772.518397
0.0035587188612099642	2434.288321
0.006493506493506494	1105.830182
0.006535947712418301	1856.682177
0.006329113924050633	1811.814666
0.006172839506172839	1322.122346
0.00641025641025641	1692.943399
0.006329113924050633	1792.037506
0.006535947712418301	1283.984986
0.005917159763313609	1825.082075
0.004672897196261682	3298.531732
0.0196078431372549	2556.44603
0.0030581039755351682	1506.777276
0.006097560975609756	3683.072454
0.005376344086021506	2862.474051
0.006329113924050633	3536.771911
0.006289308176100629	2965.060147
0.07692307692307693	6354.375827
0.006329113924050633	4282.938568
0.006756756756756757	2124.677539
0.006756756756756757	2156.179259
0.006756756756756757	2372.506711
0.020833333333333332	15445.16052
0.006211180124223602	1134.691647
0.006666666666666667	926.1145434
0.006711409395973154	795.7151787
0.004761904761904762	3090.363758
0.006711409395973154	3362.191472
0.002512562814070352	4697.341422
0.006666666666666667	770.1721662
0.003125	1730.222619
0.017543859649122806	2413.466675
0.006666666666666667	822.9054488
0.006666666666666667	822.9054488
0.021739130434782608	8546.374757
0.021739130434782608	8546.374757
0.006802721088435374	717.476368
0.006802721088435374	717.476368
0.006802721088435374	717.476368
0.02857142857142857	628.7827192
0.021739130434782608	8546.374757
0.0053475935828877	2200.516422
0.025	615.0473398
0.02857142857142857	682.6976053
0.02857142857142857	929.0204303
0.022727272727272728	196.1320512
0.027777777777777776	529.0361761
0.02857142857142857	1088.954269
0.006666666666666667	1687.092474
0.006756756756756757	1616.831098
0.00684931506849315	1082.53991
0.006944444444444444	1819.25297
0.006060606060606061	1860.99813
0.006578947368421052	1917.129239
0.005555555555555556	3423.596877
0.006578947368421052	1931.625475
0.0070921985815602835	1234.843623
0.006896551724137931	1312.902725
0.005050505050505051	1559.405349
0.005780346820809248	2490.508962
0.0038461538461538464	2302.465663
0.004347826086956522	2426.141222
0.0049261083743842365	3360.300165
0.006622516556291391	2654.916041
0.002044989775051125	5430.215766
0.021739130434782608	8546.374757
0.0038461538461538464	2300.002835
0.005649717514124294	498.449858
0.003937007874015748	1907.327932
0.021739130434782608	8546.374757
0.014705882352941176	2864.660113
0.005050505050505051	3974.671129
0.014705882352941176	2796.546982
0.004219409282700422	2053.572496
0.004016064257028112	2192.367991
0.005952380952380952	4235.023114
0.005494505494505495	2191.54742
0.00423728813559322	2221.583778
0.014705882352941176	9114.835938
0.021739130434782608	8546.374757
0.006289308176100629	4108.02078
0.0196078431372549	2529.736155
0.005405405405405406	2266.43349
0.007042253521126761	3243.143421
0.006289308176100629	4127.082474
0.0045662100456621	3874.623675
0.006289308176100629	4086.8155
0.018518518518518517	1818.63734
0.017543859649122806	1583.624821
0.021739130434782608	8546.374757
0.006369426751592357	3500.006398
0.0125	1690.195441
0.012987012987012988	1685.6085
0.07692307692307693	5846.141618
0.007462686567164179	1956.051373
0.006666666666666667	3643.69462
0.005494505494505495	4119.68471
0.006756756756756757	3575.578935
0.005208333333333333	2313.916752
0.021739130434782608	8546.374757
0.006097560975609756	1482.99884
0.006172839506172839	4646.002409
0.006289308176100629	1537.021254
0.0029154518950437317	4655.496515
0.0078125	1781.661596
0.006289308176100629	1510.092548
0.00625	1651.119323
0.006666666666666667	1629.438116
0.0070921985815602835	2012.385327
0.006896551724137931	2110.356281
0.0028653295128939827	5261.829859
0.0045662100456621	3581.305214
0.5	19688.48877
0.0028735632183908046	5286.815845
0.002325581395348837	5962.705008
0.006134969325153374	4664.54566
0.0028735632183908046	5293.426575
0.002840909090909091	1705.171735
0.005434782608695652	2614.806344
0.002857142857142857	5329.789475
0.006756756756756757	1548.071321
0.004291845493562232	2059.077757
0.005376344086021506	23401.86195
0.004484304932735426	21202.51371
0.004329004329004329	21269.53005
0.004132231404958678	22749.67822
0.011363636363636364	20550.11521
0.005025125628140704	23796.03338
0.00423728813559322	22398.01104
0.0049504950495049506	20118.27727
0.00423728813559322	22497.11075
0.00423728813559322	22504.25362
0.005025125628140704	23828.60752
0.004807692307692308	20729.7324
0.00423728813559322	21675.14496
0.058823529411764705	32655.90688
0.010416666666666666	17764.14266
0.00980392156862745	17402.48851
0.004807692307692308	20462.51304
0.005434782608695652	21636.12967
0.006993006993006993	18560.00746
0.0070921985815602835	18526.10606
0.0051813471502590676	23482.43894
0.0053475935828877	23378.41976
0.004807692307692308	20356.71266
0.010526315789473684	17350.06957
0.006289308176100629	22328.78023
0.1111111111111111	11662.99662
0.0070921985815602835	18689.5699
0.006329113924050633	22689.64571
0.006289308176100629	22360.80856
0.1111111111111111	11662.99662
0.004830917874396135	20458.48904
0.004694835680751174	20030.38626
0.0053475935828877	20414.91292
0.006329113924050633	22799.06057
0.004807692307692308	20258.88641
0.0053475935828877	23316.30081
0.004366812227074236	21583.73035
0.011363636363636364	18782.00252
0.006329113924050633	22800.19113
0.043478260869565216	16834.53802
0.004484304932735426	21262.8511
0.006622516556291391	22863.54189
0.005917159763313609	24403.20773
0.0049261083743842365	20175.21905
0.005208333333333333	19276.99363
0.0049261083743842365	20174.68061
0.006944444444444444	18330.7722
0.005376344086021506	23426.77464
0.006944444444444444	17966.71244
0.0049504950495049506	20251.58499
0.00980392156862745	17746.51969
0.005780346820809248	22717.88269
0.0049504950495049506	20250.37587
0.00684931506849315	17445.13404
0.007575757575757576	18655.32724
0.005405405405405406	9999.34416
0.0049504950495049506	20185.61386
0.0049261083743842365	20573.36041
0.0049504950495049506	20157.71095
0.00425531914893617	22734.77532
0.004807692307692308	20632.22557
0.005128205128205128	22433.91625
0.004347826086956522	21362.53812
0.004132231404958678	22810.12401
0.004201680672268907	21305.46274
0.008064516129032258	9102.347093
0.05555555555555555	16680.90138
0.020833333333333332	8858.582559
0.010416666666666666	17798.95453
0.004807692307692308	20799.58593
0.011235955056179775	17399.59875
0.05555555555555555	16680.90138
0.0078125	18706.82525
0.0078125	18706.82525
0.07142857142857142	16526.93416
0.0070921985815602835	18833.7354
0.00980392156862745	17405.88667
0.00423728813559322	21763.23782
0.01	18276.18406
0.004484304932735426	21128.95643
0.0051813471502590676	20074.50376
0.006666666666666667	6685.547699
0.0049504950495049506	20333.18496
0.004366812227074236	21544.9878
0.004366812227074236	21522.06088
0.004366812227074236	21576.09026
0.004366812227074236	21621.92756
0.004366812227074236	21581.03454
0.004975124378109453	20422.65474
0.004219409282700422	21553.58814
0.004219409282700422	21526.34438
0.00423728813559322	21679.66285
0.004484304932735426	21179.43465
0.004975124378109453	20434.38701
0.0049504950495049506	20471.86337
0.0053475935828877	19054.17297
0.00411522633744856	21832.97259
0.0072992700729927005	17738.81493
0.011111111111111112	18711.29506
0.012195121951219513	18657.23158
0.011235955056179775	17479.76766
0.004219409282700422	21664.75463
0.005263157894736842	19465.3282
0.004219409282700422	21602.19012
0.004484304932735426	21238.91696
0.005917159763313609	24431.96257
0.00423728813559322	21901.36665
0.004166666666666667	23264.01516
0.005208333333333333	24035.85001
0.004975124378109453	20249.82244
0.005025125628140704	23609.24777
0.004784688995215311	20588.16788
0.0078125	24185.25675
0.004975124378109453	20393.32786
0.004807692307692308	20170.83966
0.004975124378109453	20073.33448
0.006369426751592357	8269.641646
0.00423728813559322	22476.94044
0.005128205128205128	19687.49538
0.006369426751592357	8269.641646
0.005128205128205128	18918.88311
0.004807692307692308	20140.4848
0.00423728813559322	21819.5235
0.0049261083743842365	19990.06802
0.024390243902439025	18000.06603
0.01	18478.10186
0.0049261083743842365	19990.06802
0.004784688995215311	20922.45739
0.01	18299.43546
0.010416666666666666	17470.99889
0.01	18412.39185
0.01	18097.74953
0.00980392156862745	17677.89901
0.00980392156862745	17572.61763
0.00423728813559322	21871.72846
0.00980392156862745	17667.7742
0.005917159763313609	21171.45619
0.005154639175257732	22777.82982
0.008130081300813009	18750.97164
0.013333333333333334	18420.73535
0.0055248618784530384	22943.90448
0.010309278350515464	17652.0362
0.014705882352941176	18329.88195
0.005405405405405406	23815.46605
0.043478260869565216	17205.01106
0.00423728813559322	22229.87283
0.004366812227074236	22226.25908
0.004366812227074236	22267.01414
0.007575757575757576	18552.74995
0.013333333333333334	18212.94116
0.017543859649122806	19473.14518
0.007692307692307693	17809.09392
0.004366812227074236	22267.01414
0.043478260869565216	17189.93149
0.05	17564.89038
0.004484304932735426	21563.62646
0.00980392156862745	20133.67364
0.006535947712418301	19275.70438
0.0049261083743842365	20906.95846
0.0045045045045045045	21377.44699
0.01	18170.30943
0.0625	17493.12747
0.023255813953488372	18158.47334
0.01	18064.46413
0.05	17712.53858
0.01	17978.50476
0.058823529411764705	17575.76358
0.029411764705882353	17952.14843
0.0045871559633027525	5429.441811
0.00980392156862745	17549.76521
0.010416666666666666	17631.3202
0.00980392156862745	17861.65282
0.00980392156862745	17671.46053
0.004347826086956522	4586.174019
0.0045045045045045045	5527.063116
0.0045871559633027525	5463.561001
0.004484304932735426	5221.476116
0.004347826086956522	4643.929744
0.004347826086956522	4586.174019
0.0043859649122807015	4887.513648
0.00510204081632653	5447.593793
0.00510204081632653	5447.593793
0.023255813953488372	8230.881343
0.004672897196261682	4953.506325
0.00510204081632653	5320.85465
0.00510204081632653	5447.593793
0.012987012987012988	6779.570565
0.01818181818181818	8685.663888
0.0051813471502590676	5786.128844
0.012987012987012988	6794.631333
0.01694915254237288	9063.197684
0.006896551724137931	6945.891135
0.0043859649122807015	4753.128894
0.01694915254237288	8779.891453
0.018518518518518517	8201.537941
0.01694915254237288	8779.891453
0.00510204081632653	5142.897569
0.016666666666666666	8406.9721
0.00425531914893617	4065.052846
0.004273504273504274	4129.417352
0.01098901098901099	6571.690644
0.01098901098901099	6571.690644
0.004273504273504274	4129.417352
0.004672897196261682	4873.466931
0.011111111111111112	7451.232946
0.00423728813559322	3784.638933
0.007751937984496124	5197.079166
0.011111111111111112	7451.232946
0.011111111111111112	7432.467933
0.018518518518518517	8194.500979
0.011111111111111112	7486.364744
0.005917159763313609	6199.975542
0.0048543689320388345	4454.170906
0.003703703703703704	3385.324479
0.005952380952380952	6246.335581
0.005	4723.854861
0.02857142857142857	3629.406145
0.02040816326530612	7863.128574
0.00510204081632653	4910.024497
0.013157894736842105	7379.347035
0.02040816326530612	7868.762601
0.015873015873015872	7827.686844
0.00423728813559322	5033.31494
0.015873015873015872	7730.603456
0.004329004329004329	4220.053132
0.004366812227074236	4287.565324
0.004366812227074236	4291.121466
0.015873015873015872	7723.264952
0.015873015873015872	7705.249537
0.004761904761904762	933.4089802
0.00425531914893617	3479.571547
0.005076142131979695	5781.481711
0.0051813471502590676	5443.649047
0.005076142131979695	5352.736691
0.005076142131979695	5305.850678
0.005076142131979695	5338.173614
0.010638297872340425	7144.239149
0.0049261083743842365	5624.118994
0.01	6109.078484
0.00546448087431694	6378.823771
0.005	5784.603559
0.0136986301369863	11500.32601
0.00510204081632653	5307.584
0.00980392156862745	6357.396811
0.012195121951219513	7222.29247
0.0136986301369863	7286.637081
0.010638297872340425	6946.715323
0.006493506493506494	5781.222721
0.005291005291005291	5946.444766
0.00546448087431694	6474.179032
0.010526315789473684	6826.385992
0.00980392156862745	6383.505564
0.0136986301369863	7140.853651
0.010526315789473684	6826.385992
0.00980392156862745	6383.505564
0.009433962264150943	6561.893569
0.005952380952380952	5698.889596
1.0	15402.49825
0.005681818181818182	6549.741211
0.0055248618784530384	5336.928965
0.006134969325153374	6734.507586
0.005681818181818182	6552.442688
0.005917159763313609	5902.995
0.023255813953488372	7760.234596
0.0136986301369863	11500.32601
0.006024096385542169	5941.642747
0.012195121951219513	7639.956327
0.015384615384615385	7418.009701
0.005050505050505051	5903.865399
0.017543859649122806	7472.913621
0.008264462809917356	6000.159444
0.011235955056179775	6762.529146
0.015151515151515152	7386.313289
0.011235955056179775	6762.529146
0.023255813953488372	8481.563936
0.005681818181818182	6609.842151
0.00411522633744856	3401.784892
0.00398406374501992	3808.572891
0.009900990099009901	6652.009616
1.0	15402.49825
0.01694915254237288	8552.526145
0.01020408163265306	6648.806169
0.011111111111111112	7560.482861
0.0136986301369863	11500.32601
0.011235955056179775	6804.343595
0.012345679012345678	6774.657951
0.012345679012345678	6790.013219
0.0136986301369863	7025.724426
0.0043859649122807015	4808.445513
0.008	4600.621488
0.00546448087431694	6313.442338
0.010638297872340425	7238.927287
0.01694915254237288	8568.037358
0.004273504273504274	4064.5953
0.004273504273504274	4018.132405
0.010638297872340425	7161.021743
0.004366812227074236	4591.499638
0.004366812227074236	4525.620107
0.016666666666666666	8329.131478
0.016666666666666666	8329.131478
0.005952380952380952	6322.433529
0.005988023952095809	6483.809193
0.004366812227074236	4508.771604
0.0045871559633027525	5128.50827
0.014925373134328358	7055.050524
0.00625	6756.725479
0.004347826086956522	4580.009479
0.004347826086956522	4677.32807
0.013157894736842105	6201.886386
0.004347826086956522	4580.009479
0.00423728813559322	5286.081923
0.0136986301369863	11500.32601
0.005076142131979695	6029.491747
0.01694915254237288	8691.272222
0.005494505494505495	6282.357462
0.010416666666666666	6240.52592
0.011111111111111112	7523.76973
0.015873015873015872	7687.251
0.003861003861003861	634.1397825
0.00411522633744856	3852.062687
0.004098360655737705	3761.444089
0.011111111111111112	7426.284458
0.0034482758620689655	7650.056053
0.007352941176470588	10408.73438
0.0034482758620689655	7650.056053
0.007352941176470588	10408.73438
0.003289473684210526	1204.192984
0.0034482758620689655	7650.056053
0.007352941176470588	10408.73438
0.003401360544217687	6711.934077
0.006622516556291391	9369.840199
0.006060606060606061	8843.047746
0.007936507936507936	6971.328917
0.007936507936507936	6971.328917
0.007936507936507936	6971.328917
0.0034482758620689655	7489.083144
0.004975124378109453	8233.36618
0.0026595744680851063	5427.739033
0.006060606060606061	8736.61755
0.0034129692832764505	1349.330785
0.007142857142857143	10062.76596
0.004694835680751174	3643.425788
0.004424778761061947	4304.97232
0.002638522427440633	5776.534083
0.0026954177897574125	5703.982705
0.0026041666666666665	5364.746481
0.002688172043010753	5440.573914
0.0027100271002710027	5849.413364
0.0045045045045045045	3016.553232
0.0045045045045045045	4190.696082
0.004201680672268907	4228.018742
0.003472222222222222	5556.964771
0.00425531914893617	4119.578597
0.00423728813559322	4198.5422
0.0045045045045045045	4190.696082
0.0022988505747126436	5419.575385
0.007874015748031496	4345.070472
0.00819672131147541	4754.050009
0.004	4265.014677
0.0022471910112359553	4909.695992
0.0044444444444444444	4915.063019
0.007936507936507936	6971.328917
0.0043859649122807015	2518.433452
0.007462686567164179	10218.3202
0.00411522633744856	2320.138622
0.0072992700729927005	10235.34866
0.003236245954692557	6082.316285
0.02631578947368421	9309.608868
0.0022935779816513763	5078.902672
0.004629629629629629	3458.389906
0.002777777777777778	4054.497069
0.004629629629629629	3458.389906
0.004807692307692308	3535.540901
0.002617801047120419	8600.913655
0.0021598272138228943	3587.124628
0.0022935779816513763	5078.902672
0.006172839506172839	9011.585089
0.008064516129032258	1566.480509
0.007874015748031496	1644.143137
0.007518796992481203	2041.79524
0.07692307692307693	9962.163288
0.004784688995215311	2652.918484
0.002652519893899204	5416.696791
0.004878048780487805	2782.329859
0.006666666666666667	9559.055923
0.00425531914893617	4249.694551
0.0026455026455026454	5273.93577
0.005050505050505051	3037.061745
0.006622516556291391	9357.734968
0.125	11746.89161
0.006369426751592357	8765.753558
0.0029154518950437317	4990.056529
0.006622516556291391	9340.717769
0.009259259259259259	798.4484843
0.002551020408163265	7280.495873
0.00847457627118644	2157.040362
0.005376344086021506	673.0249052
0.007936507936507936	1653.456928
0.009009009009009009	1256.448887
0.009009009009009009	1271.722323
0.0051813471502590676	387.6830197
0.008771929824561403	1587.047349
0.009433962264150943	1740.552396
0.004901960784313725	2870.458341
0.004739336492890996	287.7606702
0.0037174721189591076	1163.921107
0.009708737864077669	2318.354688
0.004830917874396135	456.1396203
0.004807692307692308	2696.690176
0.009900990099009901	1142.830644
0.004975124378109453	401.0374886
0.0049504950495049506	479.2342074
0.004830917874396135	482.6922572
0.003236245954692557	6080.97841
0.004784688995215311	2681.3485
0.007462686567164179	9844.859775
0.0032679738562091504	6259.587646
0.006802721088435374	9668.069321
0.0030581039755351682	6270.751688
0.003472222222222222	6515.738305
0.0026109660574412533	5467.596282
0.003424657534246575	6942.290579
0.003436426116838488	6327.219379
0.0033222591362126247	6334.330723
0.003424657534246575	7051.296449
0.0034602076124567475	6905.79392
0.003472222222222222	7285.380346
0.003424657534246575	6964.079354
0.003436426116838488	6743.170175
0.007936507936507936	6971.328917
0.0034602076124567475	6670.898013
0.0035587188612099642	6642.829215
0.0035087719298245615	6434.332016
0.008064516129032258	1970.843027
0.0035211267605633804	1381.895182
0.007936507936507936	2149.519486
0.007936507936507936	1996.519677
0.007575757575757576	9526.547669
0.004524886877828055	2508.808921
0.004484304932735426	5181.897042
0.004629629629629629	5270.547475
0.007936507936507936	6971.328917
0.004901960784313725	2537.076792
0.002652519893899204	5626.80544
0.007936507936507936	6971.328917
0.009433962264150943	3513.809417
0.0070921985815602835	10425.87384
0.009174311926605505	3844.954333
0.0070921985815602835	10425.87384
0.003246753246753247	6351.172299
0.0026109660574412533	8300.866513
0.007352941176470588	10423.34147
0.007194244604316547	10010.80377
0.007936507936507936	6971.328917
0.00980392156862745	1618.209187
0.002012072434607646	5980.185195
0.0034482758620689655	8820.845867
0.003436426116838488	6312.618329
0.006622516556291391	9353.206676
0.0035460992907801418	6178.172197
0.02702702702702703	8653.025684
0.006024096385542169	8320.860522
0.009708737864077669	2765.342722
0.010309278350515464	2802.290374
0.007936507936507936	6971.328917
0.011494252873563218	2446.393572
0.008695652173913044	1954.656418
0.005128205128205128	2863.200028
0.005076142131979695	2393.453497
0.0034482758620689655	8746.24896
0.010869565217391304	2604.63973
0.009708737864077669	2649.392254
0.010101010101010102	2233.794485
0.02631578947368421	9030.576311
0.0034482758620689655	8847.605848
0.00425531914893617	1834.916697
0.03125	9312.653894
0.00425531914893617	1831.856163
0.0034482758620689655	8927.581571
0.006172839506172839	9122.748319
0.00425531914893617	2126.538566
0.003937007874015748	1568.331916
0.006329113924050633	9289.381938
0.006666666666666667	1903.254575
0.00398406374501992	1227.281507
0.0031746031746031746	5722.152947
0.006329113924050633	9284.175926
0.00392156862745098	4237.021993
0.027777777777777776	9944.031255
0.003875968992248062	4182.24091
0.02857142857142857	10451.3481
0.007936507936507936	6971.328917
0.016666666666666666	5684.14677
0.003703703703703704	5481.436069
0.003703703703703704	5435.672273
0.0035587188612099642	5465.383582
0.014705882352941176	11273.76875
0.005050505050505051	8747.894
0.004310344827586207	897.9254631
0.002012072434607646	5908.474943
0.006211180124223602	8712.104673
0.004016064257028112	4170.831387
0.00909090909090909	2378.360349
0.004310344827586207	3311.980061
0.004901960784313725	3045.062747
0.004901960784313725	3045.062747
0.006622516556291391	9353.206676
0.007936507936507936	6971.328917
0.006993006993006993	9947.498196
0.006622516556291391	9432.908726
0.007142857142857143	10022.79562
0.006802721088435374	9800.417866
0.004219409282700422	3359.212668
0.007936507936507936	6971.328917
0.007936507936507936	6971.328917
0.006578947368421052	1500.215469
0.009615384615384616	1416.011113
0.006993006993006993	1456.380845
0.005076142131979695	651.489208
0.004524886877828055	625.8997664
0.004219409282700422	4065.706765
0.005154639175257732	1543.172216
0.005128205128205128	1690.94294
0.007518796992481203	10266.98026
0.005050505050505051	4567.225882
0.027777777777777776	10255.53878
0.008695652173913044	2435.459407
0.005988023952095809	1292.874228
0.007936507936507936	6971.328917
0.007936507936507936	6971.328917
0.006172839506172839	1189.559269
0.004	5610.419624
0.007936507936507936	6971.328917
0.008849557522123894	2770.187715
0.004149377593360996	5571.755973
0.0045045045045045045	394.5459273
0.009009009009009009	2246.299576
0.0020408163265306124	4861.480322
0.008695652173913044	2468.886586
0.006134969325153374	3310.741745
0.007246376811594203	8663.039959
0.004975124378109453	8103.047697
0.125	10678.65682
0.0024813895781637717	5213.504995
0.0024752475247524753	4670.679697
0.002512562814070352	5710.451939
0.007936507936507936	6971.328917
0.00392156862745098	4380.210815
0.004291845493562232	5110.588636
0.00425531914893617	2079.690714
0.007936507936507936	6971.328917
0.00425531914893617	2079.690714
0.006329113924050633	8775.870304
0.006211180124223602	8685.794421
0.03125	11808.64489
0.005128205128205128	8547.769909
0.007936507936507936	6971.328917
0.004975124378109453	8256.155599
0.006172839506172839	8581.839304
0.04	11982.24686
0.006060606060606061	8688.699673
0.16666666666666666	10314.2624
0.004016064257028112	4124.418849
0.003436426116838488	6346.608091
0.007692307692307693	10781.65766
0.007936507936507936	6971.328917
0.004975124378109453	7789.096246
0.003215434083601286	6472.534321
0.005076142131979695	7591.822519
0.005025125628140704	8121.155655
0.003367003367003367	7864.675563
0.003472222222222222	5372.53066
0.004975124378109453	8181.862886
0.003367003367003367	7864.675563
0.00510204081632653	8440.824398
0.003436426116838488	7634.766612
0.004975124378109453	8003.494304
0.004545454545454545	2495.678622
0.004901960784313725	8082.054048
0.038461538461538464	7383.491579
0.0022988505747126436	6351.443747
0.007462686567164179	7134.45071
0.008	6981.04887
0.007352941176470588	10537.36177
0.0125	2304.644613
0.011904761904761904	3939.830846
0.011904761904761904	3953.218002
0.005128205128205128	2216.241688
0.011904761904761904	3881.342449
0.0078125	5623.930124
0.02127659574468085	5945.127065
0.0125	3832.275958
0.004366812227074236	2470.398157
0.004201680672268907	2566.774206
0.004524886877828055	2828.902135
0.006329113924050633	905.4491062
0.004545454545454545	2908.865201
0.004098360655737705	3084.312805
0.004524886877828055	2828.902135
0.008547008547008548	987.0684022
0.005917159763313609	1280.066567
0.004405286343612335	2337.675108
0.010869565217391304	2812.830539
0.005917159763313609	550.3706576
0.00625	795.3197962
0.007142857142857143	3624.315735
0.005952380952380952	1150.991884
0.004	3531.759893
0.0045871559633027525	2948.208221
0.011494252873563218	2019.863074
0.0136986301369863	8410.666939
0.00980392156862745	6623.609467
0.006024096385542169	1122.788804
0.006060606060606061	4242.153564
0.0125	2304.644613
0.0040650406504065045	3411.660425
0.00909090909090909	1811.083042
0.006060606060606061	1073.746891
0.004098360655737705	3655.009474
0.0125	3817.569326
0.00909090909090909	4136.646507
0.004405286343612335	1923.645779
0.02702702702702703	5051.003933
0.004219409282700422	3800.366344
0.004608294930875576	1567.851332
0.005952380952380952	1051.804113
0.005952380952380952	1075.61852
0.018518518518518517	2979.337336
0.009433962264150943	5469.890731
0.0125	2304.644613
0.015384615384615385	2984.799533
0.008849557522123894	5322.127019
0.006493506493506494	1334.091244
0.007633587786259542	4759.621081
0.0049261083743842365	3542.199805
0.008547008547008548	3717.923646
0.0051813471502590676	3374.562912
0.005208333333333333	3264.335373
0.009259259259259259	2178.763956
0.008695652173913044	4374.483845
0.009259259259259259	2178.763956
0.003676470588235294	2246.450111
0.008695652173913044	4370.142047
0.08333333333333333	9260.879183
0.006134969325153374	4743.825408
0.015873015873015872	4370.283746
0.00980392156862745	3837.085872
0.01	4255.987929
0.010309278350515464	4465.768859
0.008064516129032258	3767.436758
0.00909090909090909	4028.34006
0.0056179775280898875	1394.888574
0.006289308176100629	1361.358428
0.0125	2304.644613
0.0125	2304.644613
0.005952380952380952	1644.28462
0.006211180124223602	1475.099293
0.0047169811320754715	2199.710493
0.005917159763313609	1321.03325
0.006060606060606061	3266.954215
0.0045871559633027525	2948.208221
0.006211180124223602	3410.191706
0.005917159763313609	1621.516911
0.005917159763313609	1374.855476
0.004672897196261682	2196.15778
0.005025125628140704	1858.075257
0.004629629629629629	2416.33409
0.012048192771084338	2477.703565
0.004424778761061947	3791.317506
0.005291005291005291	3460.446837
0.004761904761904762	2091.408001
0.00819672131147541	4799.481964
0.010416666666666666	4916.035729
0.006211180124223602	3214.74211
0.005847953216374269	371.9289974
0.004424778761061947	2529.729394
0.004424778761061947	2529.729394
0.003289473684210526	2281.890063
0.0053475935828877	4365.357005
0.004694835680751174	4070.48625
0.005319148936170213	4700.243053
0.007194244604316547	5196.120316
0.004329004329004329	2557.299222
0.008695652173913044	4581.512896
0.004694835680751174	3543.668772
0.0125	2304.644613
0.003125	318.8808504
0.004405286343612335	3013.932554
0.0125	2304.644613
0.005	2642.599518
0.0045871559633027525	2728.609057
0.0125	2304.644613
0.08333333333333333	9260.879183
0.003937007874015748	3116.162985
0.0035714285714285713	2523.441515
0.02857142857142857	4444.461428
0.006024096385542169	968.7352526
0.016666666666666666	4051.30074
0.008928571428571428	5376.538564
0.008849557522123894	5293.528449
0.015151515151515152	3745.488814
0.0035460992907801418	3329.02567
0.0125	2304.644613
0.0125	2304.644613
0.004149377593360996	3293.33216
0.006329113924050633	3172.403711
0.0125	2304.644613
0.0125	2304.644613
0.08333333333333333	9260.879183
0.004975124378109453	2614.825318
0.005917159763313609	1154.577429
0.0125	2304.644613
0.005952380952380952	1039.542145
0.0125	2304.644613
0.0029850746268656717	1481.906846
0.0058823529411764705	1203.076421
0.005917159763313609	1731.922584
0.009345794392523364	1618.594883
0.008547008547008548	3717.923646
0.014925373134328358	4197.387346
0.008695652173913044	4313.028861
0.011363636363636364	2407.52609
0.005917159763313609	1755.620112
0.014492753623188406	4071.005125
0.004048582995951417	3808.695291
0.00625	3867.05798
0.010638297872340425	1899.33168
0.004807692307692308	3766.617747
0.014705882352941176	4084.565081
0.0033003300330033004	2784.680071
0.009433962264150943	3640.278522
0.004201680672268907	2558.373801
0.0058823529411764705	911.7785042
0.00510204081632653	1547.382813
0.015384615384615385	4321.150094
0.004739336492890996	2157.515653
0.004629629629629629	2394.177317
0.0125	2304.644613
0.006060606060606061	4312.346794
0.004901960784313725	1186.150756
0.0064516129032258064	3049.457184
0.006329113924050633	951.0363964
0.003745318352059925	4898.302044
0.0078125	3753.379354
0.006329113924050633	4327.592109
0.004484304932735426	921.4876915
0.007407407407407408	2304.483334
0.005747126436781609	2616.494736
0.006329113924050633	4128.262938
0.005952380952380952	3367.655362
0.006578947368421052	3540.087309
0.007936507936507936	3115.358564
0.00684931506849315	4479.861006
0.006535947712418301	3672.461161
0.00510204081632653	2413.790091
0.008064516129032258	3675.223989
0.007518796992481203	1986.007164
0.0078125	1855.463086
0.005649717514124294	2171.041912
0.0072992700729927005	1880.575779
0.0072992700729927005	1949.770081
0.007246376811594203	1994.674937
0.005649717514124294	2151.436244
0.0045662100456621	3799.596255
0.0045662100456621	3795.953783
0.007142857142857143	2444.059746
0.0072992700729927005	2294.050371
0.0045662100456621	3818.579438
0.0072992700729927005	2346.131687
0.021739130434782608	8546.374757
0.004201680672268907	2102.857911
0.021739130434782608	8546.374757
0.007246376811594203	1672.319162
0.007042253521126761	2202.314129
0.004201680672268907	2287.891419
0.004629629629629629	1678.329096
0.006493506493506494	1384.248013
0.0048543689320388345	4031.099284
0.021739130434782608	8546.374757
0.008064516129032258	1601.542469
0.003875968992248062	1870.24937
0.004201680672268907	2287.891419
0.014705882352941176	1742.897458
0.006329113924050633	4133.025003
0.021739130434782608	8546.374757
0.006329113924050633	4133.025003
0.006060606060606061	4096.788114
0.006329113924050633	4166.121203
0.006060606060606061	4075.408134
0.005319148936170213	3164.005746
0.0028328611898017	2428.329073
0.005714285714285714	3105.057331
0.0025252525252525255	5609.165971
0.0029411764705882353	5534.089085
0.0055248618784530384	3526.651949
0.004878048780487805	3528.03257
0.006329113924050633	4156.659763
0.0064516129032258064	2797.868195
0.006756756756756757	2885.913616
0.007407407407407408	1729.991929
0.006329113924050633	4241.178355
0.00625	4005.882267
0.0055248618784530384	4526.148678
0.006802721088435374	332.1628639
0.006711409395973154	2241.663383
0.006756756756756757	2116.614326
0.006802721088435374	426.6213187
0.006944444444444444	1694.558484
0.014925373134328358	2591.015167
0.014925373134328358	2591.015167
0.05	9773.9439
0.0022675736961451248	6846.577683
0.006944444444444444	1723.920581
0.021739130434782608	8546.374757
0.002898550724637681	4957.056013
0.0044444444444444444	2451.85874
0.006369426751592357	1623.028189
0.02857142857142857	11643.72368
0.00546448087431694	4117.00649
0.002325581395348837	6084.506732
0.004629629629629629	1531.618639
0.004545454545454545	1324.684102
0.004545454545454545	1324.684102
0.004464285714285714	1563.116339
0.002849002849002849	4490.167553
0.007042253521126761	1686.672741
0.003787878787878788	1789.036971
0.002857142857142857	4713.744887
0.0072992700729927005	2342.677262
0.006134969325153374	1961.023478
0.004545454545454545	855.5634619
0.006993006993006993	1930.085413
0.004405286343612335	3277.109088
0.006756756756756757	4396.101175
0.006134969325153374	4421.932143
0.0072992700729927005	1854.502836
0.07142857142857142	7963.446762
0.021739130434782608	8546.374757
0.01	4814.131627
0.006097560975609756	2687.087106
0.005494505494505495	4146.303454
0.005434782608695652	2642.367182
0.005376344086021506	3591.350853
0.005780346820809248	3700.056243
0.005780346820809248	3562.903553
0.005780346820809248	3497.161453
0.005405405405405406	3405.238186
0.006329113924050633	4529.799273
0.005128205128205128	3385.525044
0.006369426751592357	3936.305052
0.021739130434782608	8546.374757
0.005235602094240838	3346.34137
0.007575757575757576	2562.396356
0.006944444444444444	3956.699313
0.007874015748031496	2547.243734
0.0072992700729927005	3387.32424
0.007352941176470588	3261.433292
0.005434782608695652	2465.344822
0.007246376811594203	2211.743529
0.015873015873015872	2416.670273
0.022727272727272728	1231.477182
0.005376344086021506	3692.049627
0.002890173410404624	5031.994705
0.007575757575757576	2610.176573
0.005154639175257732	2375.56442
0.0056179775280898875	3218.131515
0.014705882352941176	2007.449205
0.021739130434782608	8546.374757
0.021739130434782608	8546.374757
0.006024096385542169	3434.221654
0.043478260869565216	1958.01104
0.02857142857142857	195.4803983
0.005405405405405406	3090.998935
0.005952380952380952	4656.634368
0.005128205128205128	3432.868976
0.005494505494505495	4104.82946
0.005128205128205128	3549.373146
0.0028735632183908046	4780.557102
0.002857142857142857	4672.327983
0.006060606060606061	3380.091652
0.005405405405405406	4395.7843
0.021739130434782608	8546.374757
0.002857142857142857	4706.102355
0.022727272727272728	1272.359228
0.005235602094240838	3998.869439
0.018518518518518517	1879.443662
0.0041841004184100415	1976.433514
0.018518518518518517	1879.443662
0.002976190476190476	5306.495256
0.006535947712418301	1142.198247
0.004464285714285714	3630.577905
0.0045662100456621	3262.836272
0.004545454545454545	3474.187621
0.006896551724137931	1166.475408
0.006802721088435374	908.5243252
0.004291845493562232	3565.376196
0.025	721.924071
0.004545454545454545	990.0055004
0.007042253521126761	2261.140268
0.005952380952380952	4574.706438
0.004464285714285714	1037.018921
0.007462686567164179	2268.681661
0.005235602094240838	3995.916195
0.0025	5793.496247
0.005952380952380952	4574.706438
0.004761904761904762	3176.497193
0.004761904761904762	3176.497193
0.004761904761904762	3179.005374
0.002506265664160401	5677.278174
0.006666666666666667	2908.9137
0.006493506493506494	4313.419629
0.021739130434782608	8546.374757
0.021739130434782608	8546.374757
0.005714285714285714	3059.120881
0.005917159763313609	2926.478289
0.005780346820809248	2515.349337
0.07692307692307693	22040.18902
0.005050505050505051	1935.41846
0.007633587786259542	2844.38675
0.0020325203252032522	5653.905198
0.002008032128514056	6139.695496
0.005952380952380952	3215.09958
0.011904761904761904	2006.134014
0.008064516129032258	3633.503296
0.0020325203252032522	5569.937292
0.007194244604316547	2386.9721
0.002044989775051125	5589.709502
0.0020325203252032522	5410.084585
0.006802721088435374	882.5178871
0.006802721088435374	1047.902666
0.006493506493506494	1650.296036
0.006802721088435374	844.8205533
0.006802721088435374	844.8205533
0.00641025641025641	1668.063151
0.006329113924050633	1662.042775
0.006329113924050633	1885.089287
0.0030581039755351682	1487.234542
0.006493506493506494	1227.883211
0.006711409395973154	2358.310745
0.006711409395973154	1027.846836
0.006756756756756757	2053.374091
0.002881844380403458	1747.461913
0.006802721088435374	2469.218063
0.00558659217877095	1757.090676
0.006329113924050633	4587.811366
0.005434782608695652	2372.171836
0.0035587188612099642	2531.157506
0.014705882352941176	2797.8017
0.004484304932735426	3611.48275
0.006578947368421052	2683.996334
0.006329113924050633	3582.154401
0.0045871559633027525	3561.120423
0.004761904761904762	3146.51108
0.004273504273504274	3712.765893
0.006756756756756757	1975.796406
0.0070921985815602835	1117.836586
0.006756756756756757	2154.52874
0.0072992700729927005	1047.487892
0.00625	1148.743677
0.004672897196261682	3363.536973
0.006802721088435374	329.3215916
0.00641025641025641	904.5975427
0.006666666666666667	1055.888221
0.00684931506849315	854.4547093
0.0070921985815602835	1117.836586
0.021739130434782608	8546.374757
0.006666666666666667	1055.888221
0.00625	4107.917885
0.0048543689320388345	1378.08021
0.004545454545454545	3863.181099
0.018518518518518517	2020.445154
0.018867924528301886	1785.42933
0.004784688995215311	3438.035043
0.02857142857142857	806.339272
0.006756756756756757	1937.720502
0.02857142857142857	931.9868937
0.025	594.7666166
0.021739130434782608	8546.374757
0.0070921985815602835	2192.667624
0.021739130434782608	8546.374757
0.006756756756756757	1588.111505
0.021739130434782608	8546.374757
0.006578947368421052	1921.403246
0.006369426751592357	1873.804095
0.006097560975609756	1693.30618
0.005649717514124294	3681.884682
0.006944444444444444	1695.869238
0.006289308176100629	3222.834773
0.005235602094240838	3644.749064
0.006896551724137931	1489.864135
0.006289308176100629	3178.033534
0.006756756756756757	1616.831098
0.0053475935828877	4394.5898
0.0025	5938.146413
0.006622516556291391	2654.916041
0.021739130434782608	8546.374757
0.005649717514124294	498.449858
0.0024813895781637717	5233.852637
0.021739130434782608	8546.374757
0.004651162790697674	727.3920084
0.0038461538461538464	2370.004165
0.005208333333333333	2420.779598
0.0038461538461538464	2394.171619
0.006535947712418301	640.4760509
0.00425531914893617	606.1839664
0.005813953488372093	4501.288047
0.00546448087431694	4073.714901
0.021739130434782608	8546.374757
0.013888888888888888	3683.767246
0.005494505494505495	3996.722189
0.0038461538461538464	2423.24225
0.0029411764705882353	5542.373194
0.004048582995951417	2118.064867
0.0045662100456621	3899.069074
0.005494505494505495	2178.373214
0.005405405405405406	2283.664059
0.002506265664160401	5639.236838
0.005952380952380952	2306.339362
0.005319148936170213	4242.245932
0.006802721088435374	3538.999827
0.016666666666666666	3618.313549
0.006666666666666667	3597.9843
0.021739130434782608	8546.374757
0.012987012987012988	1647.503536
0.005494505494505495	4118.179582
0.0078125	1781.661596
0.0072992700729927005	1883.409795
0.007462686567164179	2098.264807
0.016129032258064516	1649.817169
0.0078125	1765.958154
0.021739130434782608	8546.374757
0.0064516129032258064	4252.271518
0.006289308176100629	1510.092548
0.006944444444444444	1847.176503
0.006289308176100629	1510.092548
0.002325581395348837	6130.219929
0.006493506493506494	1749.139934
0.006666666666666667	1882.295437
0.003472222222222222	2420.987816
0.008403361344537815	3833.172583
0.021739130434782608	8546.374757
0.004484304932735426	3564.587335
0.0070921985815602835	1003.373623
0.0041841004184100415	2083.861643
0.006329113924050633	1870.441452
0.002857142857142857	5311.783246
0.002512562814070352	5823.654611
0.0025	5955.104478
0.0028653295128939827	5479.971248
0.002857142857142857	5316.45145
0.006134969325153374	4670.412132
0.006369426751592357	1821.627354
0.003703703703703704	5107.621583