71.35269070654327
72.81309383332477
71.17774018510296
72.49010540271927
71.74550705988989
75.02696954199868
72.11542709698361
72.14164380133025
71.11031640155143
71.98499181847912
71.49367286067408
72.67106341847592
72.50596330722709
72.68630135021425
72.21669167792216
71.9457874560647
72.14003047436833
72.21669167792216
72.52931361426506
72.12334422687371
71.09507247732905
72.211976380804
72.60365031980572
71.8808439974691
72.64260933317195
72.39220661598333
72.90064720704886
72.23348646409265
72.73953644325005
71.88885714903645
71.40223517148755
72.73953644325005
71.85383392516022
72.86054409169202
71.84396880633865
71.84674586654307
72.16400182094229
72.51207152307312
72.06905938374516
71.35102650732343
71.36409070826876
71.39443517370673
71.95422921439243
71.99187385886698
72.25692072525236
71.39248763163243
71.93708370202528
71.58997964523171
71.81284818359761
72.22597949568116
71.43748109869648
72.26369218712126
72.02646206048199
71.25647716366926
71.49453689523817
72.90728284048058
72.62663774825725
71.55356842870034
72.2472049336887
72.56327265937247
72.27897656525396
72.90774859060332
72.70347840324663
71.75165542224262
71.3408169102543
72.71192141120748
71.3408169102543
72.61119285075384
72.55777566329479
71.85748464483618
71.85848443530968
72.73794245030756
71.4801171689227
72.33564038689859
72.61690255417423
71.42710524526933
73.90037708899528
72.07200456652889
71.80955366903397
71.18157428618703
71.24540600652233
72.25301955626897
71.35911625785552
71.16876792773232
71.50745769574094
71.52115057958913
72.77094880717306
71.38892339763176
71.41700669197228
72.53473405087769
71.98580551323417
72.29355923565296
69.04037393267164
72.47901305110987
72.09416948348505
72.17973598397168
72.49447001251244
71.08787675192974
71.85521371082669
71.54027907126523
71.54027907126523
71.90565986040559
71.34355865134636
68.00465409357363
71.42710524526933
68.55423071219306
68.3482893563761
68.06703081641346
72.84799258725056
71.33618286804897
68.03952501558145
68.30187007578276
68.09647998907823
68.33542934103966
68.00465409357363
67.5198809881893
68.19959667063148
68.30091053683213
68.95089109246263
68.00465409357363
68.33913539037046
68.49855785399856
68.5124926125859
68.50311852367797
68.96593051263451
68.50239464137867
68.15547756630495
68.72048218988154
68.86775546674833
67.88531177298894
68.75253189139848
67.91593151063296
68.29070452767412
68.19423367963456
68.49830109587963
68.17335844639999
68.12015128473072
68.72024482091317
68.21831457266089
68.17291245888381
68.27048026612206
68.18620751397101
68.21987738670792
69.72362044317202
68.27597896983255
68.29648107981541
68.45376928627968
68.34410249721128
68.19278145812281
68.30240888861711
68.49879882703522
68.66526694662934
68.49857305117425
68.49879882703522
69.56305787203165
68.64699176722345
68.28301091551907
68.53739693316528
68.18522422330223
68.3414531182732
68.56545348148536
68.72693269306079
68.32877097177871
68.56545348148536
68.28173200545675
68.76872821357172
68.3426070094083
68.52204304931642
68.52162484402994
68.34194047658117
68.58818232687597
68.10509087635977
68.98953416687344
68.29158711549418
68.17361353287262
67.88313016213537
68.48981040205723
68.65932318423202
67.8622980157046
67.96552237139915
68.6422029127604
68.17139474842193
68.03816386475408
68.5557898272273
67.78116518308725
68.53159229309597
68.12523347398137
68.21603361413032
68.02997366658145
68.05493561227942
68.94407927851282
69.72362044317202
68.98789137761425
68.06036813133245
68.06024788873366
68.00599252477109
68.94407927851282
67.82286454581978
68.39950772655821
68.44995478603646
68.24335995604017
67.71654743779969
68.41444078128826
67.02805271804247
68.3196186402753
68.96986038014862
68.20061797616454
67.796351219143
67.82448997887474
67.80868765645184
68.69604606630038
69.0755554165187
69.45175986778884
69.64710747490884
69.42242010131694
69.19895844465975
69.4462835530951
68.81621159865735
69.4462835530951
68.76022060670331
69.4564407909937
69.35258498869992
69.45483068562538
69.07625476434167
68.59808443355584
69.50085122876285
68.43830261713077
68.30264954609102
67.80292189245674
68.28563341446555
67.81824919699346
68.30887745828443
69.03058006428635
68.27379141281784
68.05749162873386
67.81824919699346
68.21906303142447
67.96059631444236
68.3698830222463
67.95317956435467
68.10480503221991
67.8998756981475
68.25755716153192
67.96184889349223
67.61858351616226
67.95363361537342
67.91142942435509
69.34509193378878
67.73951509886075
69.50106518010628
69.4638921385053
68.59808443355584
69.42257666909127
69.01905771905317
68.55218466347151
69.31244182815115
69.3847333822804
67.739310491844
68.29256072579311
68.05433441949738
69.35196330958198
67.77786197097764
67.28238991869675
68.98217724967269
67.35482024529593
67.36441274743126
67.29095727671222
69.33422569694218
67.72070524383192
68.52044115170763
68.59808443355584
67.20540387115402
67.4789511471134
68.59808443355584
69.09998456358946
69.61398843880178
67.6322106565578
67.12401764957858
67.58765685055263
70.36030470258555
67.53228947472054
67.41380183545576
67.52552264882954
66.96641943663667
69.18471783036324
67.99221604160635
67.11008560752035
68.5857327897258
68.40486461741959
68.16430183810476
68.51287535988712
68.61232023665048
68.41660594184577
69.1480093981344
68.22021049734471
68.4093963741167
68.6734726706216
69.22868828386137
69.27599687000058
69.2483541284435
67.28815217856464
68.33193393676689
67.50453323234402
68.39683918607363
67.73733915614001
69.22868828386137
67.31409851662194
68.17819849145388
67.63458777694564
68.18998683572619
68.08031042410612
68.08031042410612
68.20714665033303
68.23856821702502
67.75847570457381
68.11795883020088
68.34101199653786
68.24420732588193
68.43131970032678
68.92016672743543
68.43102242618751
68.23992194728594
67.83095007471198
69.94006249305123
68.33296545493928
67.91095980163173
68.89705738440863
69.09185662143139
67.35896826051406
68.59808443355584
69.00028514680461
68.90145182429663
69.26754148733318
67.9078415953593
69.3493776200429
68.9083711646397
69.03417746646082
69.04806906331855
69.2052395204957
68.98987871288769
69.20479299576196
69.18265192598425
69.0311405670262
67.052768822765
69.14900959345441
69.00556399985152
68.59808443355584
67.35968638919442
69.35647702926875
68.22049107001206
69.36350775100883
68.59808443355584
67.3243262627843
69.21238997983883
69.60203286387775
69.52853884835238
68.64551115340227
69.45339357788737
69.88143960280254
69.48273535065199
67.92310000715764
68.56997096726695
70.01725404609434
67.59701538061859
67.57041911131604
68.56178710844007
69.33294105305399
69.81936000836164
69.69832496567233
69.26308115537462
69.69583728799499
69.65609070519122
69.66381027508581
69.84436147524634
67.93497749942529
67.95314512383791
69.25309593895118
69.25691865916379
69.19665547300485
69.21240046093897
69.28297992957475
67.7171637466379
69.35258498869992
69.22398634176533
67.22916522344866
69.35258498869992
68.76056368534682
68.16428809792035
68.51961409196156
68.24781394560073
67.81597310042807
68.04760430324916
67.93142263773407
67.58387246702227
67.68433588763018
68.02274048785829
68.59808443355584
68.59808443355584
68.28006663272987
67.61145904340788
69.5850481234077
68.03006706394586
69.52983659209414
68.59808443355584
67.52086379449035
68.87395853552209
67.6939536786171
68.99366592015653
69.00541359357314
68.25287714618571
67.38553224427115
68.59808443355584
68.5093680249673
67.37907462107917
69.51768039131628
69.93508459660707
68.23803767829872
68.59808443355584
67.55962153366454
67.8822166820271
69.95711139228143
68.87767511683855
69.0600251371935
69.85311719478261
67.73877147477558
68.86468251676486
68.0846633653788
68.0665520343173
68.80965003096367
68.14118555389044
68.9609905526102
68.08103191570001
68.81312438934775
68.79285065681708
68.24707350637006
68.89409692467491
68.86700790143588
68.86507008298906
68.83951515334299
68.80898184122964
68.76046438635841
68.7877032090133
68.78173957556845
68.77920227205132
68.84677275091754
68.67655105678648
68.63040892088772
68.7239898559962
68.64690856333385
68.79474478930915
68.80868652600145
68.9103298581339
68.67650316803301
68.72201203610487
67.48217391792376
67.42598694631067
67.58583489367793
67.5739843459467
68.59808443355584
67.59741834065468
69.47804976817397
68.30802351210258
68.35238509955072
67.37897154941302
69.26096849312052
67.6376884724889
67.63754921890458
67.2339885229478
68.21887422520845
67.15520728845547
68.21887422520845
68.42801308676445
68.36095130119124
67.61685573101678
67.11286562069596
67.39400266624314
67.75018746035805
67.7705259878379
68.08918744400945
67.40845265828807
67.43536701882486
67.35273162407519
66.97638764808727
67.39829889581526
68.03714254386558
67.01978665774219
67.40718921723156
67.8563417969434
67.74466823164055
67.45814878393944
67.46208787896686
67.46933919629784
67.60793462446172
67.39807760079614
67.90153925558704
67.88908281461983
67.19847146740089
67.76626416920949
68.4804048961608
67.85967134441073
67.867390275817
67.86765687623254
67.81582686171815
67.11290569625395
67.58902480115547
68.17254450480567
67.59722121253984
67.95556138537926
67.69441892627502
68.22421758115956
67.45116207987851
67.30587699802713
67.26249021194909
67.43310412437121
67.45116207987851
67.62514055250172
67.77283861752862
67.88510338728894
67.6078975956692
67.82989032129618
68.25573343397711
67.7641182909792
67.7641182909792
68.07864090460734
67.09938215947768
67.42068826296172
68.21476601433947
67.42271654722803
67.43536701882486
67.45116207987851
67.39768016950252
67.93044597376712
67.37005422903992
67.12186025116726
67.71373562326718
67.77341578607097
67.7485673939745
67.80800268335135
67.87329901011499
67.72738457951715
67.68641008374328
67.38273927584504
67.68503084091326
68.21244837040769
67.37619022001941
68.38171432100506
67.93998563658542
67.59300738347405
67.80845680584822
67.68503084091326
67.38273927584504
67.18252115613797
67.91648632254118
67.66103327287072
67.6779912314468
67.30451655232586
67.58736930772113
68.29340080932174
67.3841642157178
67.88467108893485
67.92941155242386
67.33166483694727
67.2222709372676
67.27462378136006
67.45116207987851
67.45116207987851
67.24932884562949
67.33166483694727
68.56455268413853
67.25940947741063
67.32758650527339
67.22124653074869
67.21514902324665
67.28007673155733
67.25947318647492
67.28007673155733
67.24711494230654
67.45116207987851
67.28007673155733
67.27081076436103
67.2389083533158
67.61861243845524
67.14429314667761
67.68979249212421
67.64159154173672
67.58516681203702
67.03031131206535
67.99458642004764
67.64159154173672
67.67317918950732
67.40280825181419
67.72779356432864
67.45638941543356
67.83146402985017
67.42871470433523
67.38904500018808
67.32244250607336
67.53633307786586
67.36879979991262
68.13304971237656
67.31710081797277
67.42080892714088
67.46747232990938
68.09409878181204
68.06406379006557
67.4447023434736
67.46228918847213
67.45116207987851
68.47546026776585
67.9993931404648
67.89943345710672
67.4825759228845
66.94929604965135
67.45116207987851
68.17245863411328
67.48607546355753
67.45116207987851
68.13846812638855
67.69524348110643
67.45116207987851
68.14230861794326
67.45116207987851
68.17608654670138
67.9957901370776
67.45116207987851
67.84898216630425
68.17608654670138
68.03138684851616
68.04647042258694
68.00540008444655
67.49787401418958
67.9992561789359
67.81905929222431
68.18378771142571
68.14631036494616
67.80557490117157
67.59678855035102
67.45116207987851
67.86574158725169
67.59323449836666
67.45116207987851
68.03433352438219
67.49800824360368
67.4456200873478
68.19443873700577
67.6058487693976
67.73391318416364
68.10937961137732
67.61182392541416
68.14540644555822
67.15469421231505
67.14052881738424
67.7150165084835
67.16589894109477
67.34619713022059
67.45116207987851
67.49334916721206
67.36116111084608
67.33486041764056
67.30231690200338
67.15825164322564
67.15702829162419
67.16005130686986
67.21579525617594
67.06085324162686
67.83440158235327
67.45116207987851
67.94149454114525
67.32518562191773
67.94866384764788
67.34177855166412
67.89544523321254
67.84234608713051
67.77726780661499
67.62771249438306
67.05261610644853
67.59769103446165
68.42801308676445
67.51946876891358
68.55940988428489
67.48006202879002
67.79512055582096
67.7468630437067
67.9358511451477
67.45598855637856
67.38643251634932
67.38643251634932
67.71918885138682
69.00392860723016
67.46633817834646
69.00392860723016
67.71918885138682
67.98570132442326
67.39207727102715
67.98145538252399
69.00392860723016
67.41239068883456
67.69566335575308
67.5162053259376
67.70255728486275
69.00392860723016
67.41239068883456
67.38418014237276
67.63457739609997
67.81763130962575
67.33015089500037
67.4166279734952
67.3315892852176
67.92807262294586
67.40495461593761
67.42006436209807
67.28858141730788
67.37910653684199
67.43955989844052
67.99146061723748
67.42147285616372
67.25000537572316
67.64970440805943
67.78877398353093
67.31512674063015
67.34580083350122
67.46325994973412
67.66236154855498
67.69369828037763
67.84221495971772
67.85589373295736
67.6075343021124
67.60057157961101
67.90811083756932
67.54812889148906
67.62029937469904
68.24756383939608
69.00392860723016
67.21673126591699
67.30135647934732
68.01759685532562
67.81279661943526
69.00392860723016
68.02016067724202
67.99514572321016
68.00370255472109
66.98851790848771
68.09715598257242
67.22403468217773
67.72685295177627
67.31657398177262
69.00392860723016
67.85330405915572
68.11319136286694
67.35852264480152
69.00392860723016
67.41030748801074
67.31216435612757
68.07321051175933
67.31970905454561
67.38255497470684
68.63347308674872
67.6884411880936
67.35852264480152
67.35852264480152
67.10932569773239
67.1205421040135
67.96167162099941
67.726335285093
67.87182135308362
67.96065669656217
67.72712040662263
67.75825320028146
67.37878022329326
67.81392577755476
67.83816514740604
67.74303361260398
67.82863527901245
67.68965340186777
67.71232319626903
67.85157674379407
67.89152461054607
67.70509916464317
67.81408660583284
67.95978819838483
67.6507194182332
67.84234185998615
69.00392860723016
67.76018590095214
67.61586108203109
67.73268496404832
67.74597489736841
67.14544633874698
67.51145381486288
67.62787130390512
67.73580139769257
67.7899596902957
67.93153033749816
67.72221270817425
67.36000074612242
67.64907736918059
67.120890609296
67.59182197339518
67.99067318808424
67.70661480124525
67.57049232448327
69.00392860723016
67.58288453655547
67.62397645031457
68.0276415837401
67.88718094060309
66.9607333710747
67.373714527038
69.14404856807464
67.6996052807497
67.52593378917895
67.17247461504738
68.01730275955545
67.19638760238428
67.21072451704586
68.04083369971022
67.26263631952403
67.59367408491923
68.02582567692933
67.29887215606247
67.82415712480295
67.76879945091734
67.2205066341997
67.38089687394233
69.00392860723016
67.12874278317503
67.35852264480152
67.76958455929459
68.46951581830702
67.13420339373413
67.85996702114875
67.65702195791722
67.4374039633604
67.49474127132771
67.42570556749023
68.03494703562016
68.31227585528391
67.46241152324822
68.21851333731658
68.24946366176454
67.61556077170748
67.55486244086434
67.44965130262425
69.00392860723016
68.24946366176454
67.47656516261382
69.00392860723016
67.63281080600368
67.70335406386647
67.31228301388789
67.38113289139683
68.21732675247492
67.4005816747304
68.25117874295644
67.5656246987717
68.27621006234408
67.60326936366509
67.14211592156383
67.16025143330661
68.23013670788289
67.72551565327623
67.07136659176484
67.27391423878112
67.9805389902105
67.30212799241207
67.16451121434017
67.24368990721794
67.28279209113191
67.31240696333653
67.47225355194017
67.14775959524297
67.3332441695519
67.32191081220368
67.20078393522617
67.29265315070325
67.3170265840606
67.19180911326742
67.32468398774789
67.68705122010212
67.52203311004108
67.24258085424549
67.78375943517638
67.5802206486595
67.74791154848964
67.60667121592637
68.5300174606862
67.93218715659263
67.39969894287981
67.40747870435109
67.46090359595232
70.70656708386043
67.15454232449991
67.10358806132946
67.07143890700482
67.63575018040784
67.7052637706502
68.02986574952999
67.0650760531635
67.2978453451875
67.48420041942407
67.07809922650851
67.07809922650851
69.00392860723016
69.00392860723016
67.05222838783128
67.05222838783128
67.05222838783128
67.05692445211132
69.00392860723016
67.4167064291294
67.04916823845606
67.07023943788383
67.13107207887722
66.94293448963369
67.03132094359428
67.17056983062773
67.29152150702653
67.27427962688616
67.14244253597904
67.32449969742386
67.33372921014232
67.34822490466563
67.71901625043739
67.35180493960695
67.18035271827684
67.19939136441216
67.25801264528081
67.48885267678727
67.44004945283962
67.47120576342455
67.70261515155526
67.53048423711915
68.21028729960248
69.00392860723016
67.43944122527665
66.99672802391756
67.34257604429155
69.00392860723016
67.59216068935743
67.85449409639428
67.57533926144039
67.37903812916919
67.41306701463796
67.91989346276469
67.41467093484773
67.4205525580516
69.13572329711741
69.00392860723016
67.88894028237146
67.5154367573204
67.43305615333945
67.67626757120394
67.89364781683494
67.82919428914288
67.88370336132932
67.33849051851604
67.27926012781418
69.00392860723016
67.73888108451895
67.2994158262012
67.29887812328897
68.40450238031694
67.35891711329738
67.77472997913836
67.8908496387439
67.75801800543391
67.44454195463936
69.00392860723016
67.24042250194861
68.02165955882123
67.25399834729363
68.02002391034515
67.31627673072997
67.24734795139746
67.28212832430683
67.27728300979462
67.37237680429818
67.39633294252639
68.16970460753187
67.75675546162152
72.34002681534925
68.17588528445224
68.34213534434694
68.02619278180681
68.17751789062584
67.29131155907483
67.51912728002362
68.18647811928645
67.25729850128796
67.38048623824699
72.65269093347331
72.10844311982304
72.12480391238
72.49010540271927
71.95573093459866
72.74960755086364
72.40338496978013
71.84124641810222
72.42785893836579
72.42962296346728
72.75765216047012
71.99207875716363
72.2248637436983
75.00340769107619
71.26654145860978
71.17647749997217
71.92608544374103
72.21669167792216
71.45890715564224
71.45065596830065
72.67235219912546
72.64686644679449
71.8999566571233
71.16441468221262
72.38879496798091
69.88282657703742
71.49102550000816
72.47796405501767
72.39670478267433
69.88282657703742
71.92512004466765
71.81922818329585
71.91498970058073
72.50498548471148
71.87579718612835
72.63152536021741
72.20244598205824
71.51907239714225
72.50526469127954
71.07736282722183
72.12334422687371
72.52126851073245
72.90064720704886
71.85527913575655
71.63379549158904
71.85514616096131
71.40223517148755
72.65884344786961
71.31232585561224
71.87416850184499
71.2614404962494
72.48426698414833
71.87386989385818
71.18339901019483
71.48315970911584
69.34279950993697
71.85787606907017
71.95360534818732
71.85098508076366
72.48657534299714
71.9679981711124
72.41334088045494
72.14779646996756
72.50503328056669
72.13352237755119
69.12452364255394
71.054178016871
69.07992557194817
71.27513870488616
72.00932999936018
71.17751369928891
71.054178016871
71.49616710149927
71.49616710149927
71.03554972045893
71.52662905442962
71.17731671999702
72.24661942682049
71.39248763163243
72.09027718815717
71.83071806581405
68.52595535303317
71.89432068092171
72.19287800298315
72.18721590044171
72.20055916197924
72.21187928229293
72.20178021654537
71.91644650806984
72.19482185135158
72.18809364875244
72.22597949568116
72.10274344432018
71.9193439454833
71.92856912675316
71.57893718549725
72.26369218712126
71.25647716366926
71.50130169430327
71.48927461079903
71.19731245939512
72.22227586896715
71.68037416761229
72.20682474552474
72.11743337818923
72.90774859060332
72.28073214668811
72.6171697101972
72.80905727134352
71.87376331272259
72.70347840324663
71.95708944001015
72.8491373617518
71.909203851761
71.85405289047331
71.83017730436003
68.91680484660236
72.42287761669186
71.73507635177607
68.91680484660236
71.54525750618583
71.84655636106811
72.2605199111321
71.80955366903397
71.34188073336742
71.44235387134276
71.80955366903397
72.03964660356041
71.3982298687507
71.19414577331402
71.42612592556469
71.34842089236734
71.24449372247331
71.21849310968872
72.27341260830605
71.24199326831582
72.10252392629864
72.49830713230469
71.50745769574094
71.43225960531896
72.53977383117984
71.23872408071482
71.4114993474513
72.75487138291632
71.16885598641262
72.36186104130861
72.36112684957439
72.37119184429685
71.45782690669834
71.38094211429562
71.6973109907134
71.27431374834687
72.37119184429685
71.16513188951602
71.26570208156724
72.19762463306236
71.85097936353183
71.63509936356823
72.03599174665344
72.15166986236605
71.36634050800677
71.26325358070882
71.3796152801524
71.34020062780793
71.30216573427145
71.31897183792528
71.2791692105464
71.33618286804897
68.2132025435159
71.212849405896
71.23373921616619
71.28987412745566
71.24290365568847
68.00465409357363
68.2372104052918
68.22162872341319
68.16171701899293
68.01891762471102
68.00465409357363
68.07912045683784
68.21831457266089
68.21831457266089
68.92786668607722
68.09576882582604
68.18701468485743
68.21831457266089
68.55689863167711
69.03398104573577
68.3020171358697
68.56061808517408
69.12571170373495
68.59053147359802
68.04593238547228
69.05574552726871
68.91483124437909
69.05574552726871
68.143065857863
68.96330303746747
67.87584337080939
67.89176124797531
68.50311852367797
68.50311852367797
67.89176124797531
68.07600205138876
68.72048218988154
67.8065694572041
68.15968473471249
68.72048218988154
68.71584792466854
68.91309337464237
68.72915844655888
68.40512110786595
67.9726731660715
67.70730152410874
68.41661336369367
68.03945309630703
67.79796762429015
68.83356566649614
68.08555480915687
68.70523007758861
68.8349570630987
68.81927117638392
68.11494631692425
68.79529516486885
67.91421275633176
67.93093197360562
67.93181020935015
68.79348282539418
68.78903368320428
67.10306200732892
67.73125111197015
68.30074091110164
68.2174372739004
68.19485672485392
68.18327761115854
68.19126018265406
68.64408830856839
68.26169479875661
68.38766188950518
68.44873686769968
68.30141885092048
69.72362044317202
68.18373732439683
68.44874774912849
68.66526694662934
68.68299489060422
68.59530721816517
68.30240888861711
68.34174324408394
68.47228609566605
68.56545348148536
68.45519564691479
68.64699176722345
68.56545348148536
68.45519564691479
68.49879882703522
68.28141442275599
71.89251694728948
68.49121273714808
68.19150111027612
68.53739693316528
68.49187990220065
68.33177788157944
68.81163432070484
69.72362044317202
68.3414531182732
68.768414494847
68.71749925400715
68.33093383531582
68.73369696807373
68.35864218149433
68.55055033752227
68.70938657560032
68.55055033752227
68.98977602875898
68.50605544978092
67.71186949543907
67.81217083516607
68.52162484402994
71.89251694728948
68.99959469286708
68.52120407150764
68.74746288425185
69.72362044317202
68.56087696220413
68.55490172387309
68.55869390799407
68.61855910040798
68.05959354750465
68.01268483326854
68.43259006830615
68.66747278179082
69.00342538964397
67.87575259503065
67.8642779758554
68.64823298949976
68.00599252477109
67.98972271356648
68.94407927851282
68.94407927851282
68.43540674652783
68.47530412959489
67.98556175554614
68.13888307246192
68.62730057362816
68.54302449315192
68.00313167985209
68.02716577782203
68.41444078128826
68.00313167985209
68.1773704269588
69.72362044317202
68.36199023090278
69.03385984994857
68.42494994028358
68.42063369472365
68.73839609672264
68.78458870925706
67.02805271804247
67.82307148189945
67.80067142586563
68.71432083470127
68.76022060670331
69.4462835530951
68.76022060670331
69.4462835530951
67.1681364292566
68.76022060670331
69.4462835530951
68.52848179593441
69.18882251982384
69.05803761594345
68.59808443355584
68.59808443355584
68.59808443355584
68.7204662429619
68.90614238811935
68.21042662549065
69.031753288033
67.20413101070228
69.36058541936339
67.77225412246294
67.93530169057293
68.2965403973326
68.27869240920303
68.19480208630607
68.21363131170826
68.31462626291967
67.61720717788592
67.90717710036066
67.91602438557625
68.24333361967494
67.88930921765277
67.90878827857156
67.90717710036066
68.20796972187905
67.94941922432157
68.05081639402303
67.92491457296072
68.08198521677625
68.08599559272349
68.59808443355584
67.49404513932383
69.39939238530592
67.44474281229571
69.40339810041584
68.37278769267984
69.19801166270793
68.12382970011329
67.72647741496523
67.8714310123612
67.72647741496523
67.74574844396467
68.99403252601945
67.75525217927455
68.12382970011329
69.09979725840067
67.26344289829659
67.28238991869675
67.38016124563991
69.42100772679521
67.52774519376005
68.20769097922258
67.55981910451858
69.23560576477293
67.9214430530665
68.1724257045686
67.62293920476412
69.18583297481695
69.92051697205841
69.03932616729296
68.1026478783936
69.1816303551146
67.07522725988918
68.66785649518597
67.4097904425475
67.0395075667121
67.28476644300562
67.18803065370783
67.19180262834689
66.96880038361819
67.26938656746032
67.30810561099335
67.58161280406527
66.94358314162118
67.1587137525887
67.45113719881674
66.9852784312362
67.5385832939183
67.16106109370749
66.97184645177573
66.99112805785316
66.99183595195302
68.372457286963
67.53476635778236
69.30716145234521
68.41660594184577
69.26269429892918
68.41910659889339
68.48011527475619
68.22021049734471
68.5853998123825
68.43351432129818
68.43513105509746
68.61232023665048
68.57642992561267
68.67018843575366
68.590780835141
68.53623880671273
68.59808443355584
68.5184193113655
68.51160772998158
68.46005558939368
67.363305507004
67.21230537642144
67.40727557508089
67.36949027259033
69.22868828386137
67.49183799032927
68.15194244938294
68.17401341094302
68.59808443355584
67.49927987335072
68.2595800561452
68.59808443355584
67.74603460822495
69.4501977541568
67.82749789527185
69.4501977541568
68.43919803851041
68.91992361081557
69.44989096488054
69.34781546996344
68.59808443355584
67.27834342573247
68.34606921490236
69.04936245311475
68.42990840116968
69.18471465392423
68.39683918607363
69.03672895584943
68.92903204341613
67.56152673580206
67.57138526760978
68.59808443355584
67.48493987224087
67.3600792246391
67.58009672650176
67.46402306322153
69.03093977197366
67.52325749646722
67.53289125229435
67.43073328583118
69.12910092589152
69.05597118016699
67.32508210165578
69.20479299576196
67.3243262627843
69.07572223021867
69.12725047091664
67.39710193360882
67.25885654757208
69.16859377940949
67.34490556303722
67.17468719124389
68.28376532517788
69.16730808670519
67.91790557512377
69.35647702926875
67.90432095055019
69.48273535065199
68.59808443355584
68.29086573577769
68.22496367675967
68.21366170921947
68.22082214207869
69.66889997159429
69.0333038688666
67.0937471085155
68.32835943094115
69.02588350560772
67.90167440815675
67.4652014295016
67.68992944237961
67.62473364415008
67.62473364415008
69.18471465392423
68.59808443355584
69.33193543018733
69.20439811685175
69.35071422150097
69.2953795018696
67.70148303393928
68.59808443355584
68.59808443355584
67.24526260023602
67.22817758728172
67.23494302420082
67.03382221514322
67.02682896558724
67.87596098484275
67.254130906891
67.29059251759922
69.41147818683643
68.00083323714657
69.43340788387009
67.47881980671217
67.1933348961473
68.59808443355584
68.59808443355584
67.16804575080448
68.25717990862982
68.59808443355584
67.56167340072865
68.24781394560073
66.96966820520295
67.43248721838468
68.06982554880214
67.48707508544864
67.69185321121832
69.01503128458648
68.87395853552209
69.65670242918475
68.1573009980554
68.023235690924
68.28006663272987
68.59808443355584
67.95326792614826
68.13409673207613
67.38553224427115
68.59808443355584
67.38553224427115
69.04177536996224
69.01938584500984
69.82121059401906
68.9839755541042
68.59808443355584
68.91177053299174
68.99366592015653
69.87477587081104
69.0199193420367
69.61762475692888
67.89021222530079
68.43830261713077
69.5387965176212
68.59808443355584
68.79642412145373
68.46913170577304
68.74782823420598
68.87849163109354
68.81312438934775
68.19778520546933
68.89342297653467
68.81312438934775
68.95753199112139
68.7564301997069
68.8493725239901
67.48862042390024
68.86868447777897
68.73717323759381
68.43810679309301
68.63779050957375
68.6005624866693
69.47804976817397
67.45116207987851
67.8542653444404
67.8575714775804
67.42032190890254
67.83982087037683
68.26517516092633
68.36095130119124
67.82843060617378
67.48215879192792
67.50575833548234
67.57088919304134
67.0980719913064
67.59066224979922
67.63344500539499
67.57088919304134
67.12093908403332
67.19008528487089
67.449428113508
67.5746729377363
67.00987734315507
67.07077744614058
67.7705259878379
67.15825164322564
67.7438277206491
67.60042947954501
67.37960259114413
68.96058875474397
68.51449244384098
67.1513741561871
67.92178666549988
67.45116207987851
67.71424706333373
67.32510488440705
67.13930722755224
67.77438600662539
67.82479861119046
67.89943317645101
67.34717815948206
68.14716260718087
67.81043169996333
67.2595581356022
67.1337559268251
67.13963720588036
67.62514055250172
68.22911445406727
67.45116207987851
67.6226600623967
68.19190816487266
67.20413164780211
68.05150412598805
67.74753764502272
67.79535947788439
67.70644941057567
67.67926025475924
67.4161142059022
67.95768723409844
67.4161142059022
67.42600833689634
67.95661497033645
69.25564941955219
68.04577195173607
67.96542029419274
67.82632402309373
67.9300169576538
67.98220302060622
67.80699780977335
67.87268548383413
67.21807649654357
67.21061611655662
67.45116207987851
67.45116207987851
67.28007673155733
67.23861044169743
67.41573682195035
67.20020254265904
67.6809484407243
67.60042947954501
67.71650680411966
67.27441090996724
67.21349464480882
67.41480556498476
67.33174207037263
67.4691281118716
67.49334916721206
67.80844792095336
67.72779356432864
67.38904500018808
68.06203640909123
68.09353353139785
67.66823797192447
66.9657242765373
67.49688224814643
67.49688224814643
67.43428780806786
67.9513421048674
67.87772228509593
68.03401183353594
68.15876646464285
67.50357394660153
68.00881576404562
67.74761782356981
67.45116207987851
66.94929604965135
67.61643872826376
67.45116207987851
67.52545988801909
67.54619659590517
67.45116207987851
69.25564941955219
67.64111365971301
67.4942866289435
67.9992561789359
67.1133286182388
67.88761306789976
68.20544235754275
68.1848453742371
67.81023738710093
67.69320521380752
67.45116207987851
67.45116207987851
67.68512740671815
67.65792605932513
67.45116207987851
67.45116207987851
69.25564941955219
67.51857028973687
67.15909410213935
67.45116207987851
67.13072767356755
67.45116207987851
67.23634953880602
67.17102903012672
67.30167703388102
67.27787887309789
67.79535947788439
67.92156330308772
67.94251012260288
67.47518143364364
67.30752944813965
67.88982292544735
67.8122799022938
67.82938333725441
67.34878985985485
67.802815891184
67.89343216496835
67.5584716376858
67.77726780661499
67.50368374567702
67.0990892024034
67.25510649665401
67.9526892991052
67.40534357171643
67.4636562071974
67.45116207987851
67.93912180105119
67.16565103259423
67.62771249438306
67.10933036843242
68.08100195864172
67.80321820078136
67.94321493214991
67.09977867810491
67.44489939197622
67.51992591685368
67.89398798820368
67.70568566019236
67.74903561158911
67.6458021585973
67.98145538252399
67.78167452129465
67.46907709761898
67.78422466127773
67.3663836511396
67.33450297324707
67.40979649188995
67.34007774327394
67.35716618049999
67.36819138902983
67.40495461593761
67.81066528718976
67.80976573112343
67.47904634579037
67.4421906977475
67.81535343233567
67.45505285941965
69.00392860723016
67.39118814319619
69.00392860723016
67.28858141730788
67.41922117424238
67.43688458632488
67.28686813311676
67.21651851743941
67.86819009960935
69.00392860723016
67.27210190756706
67.33334442276563
67.43688458632488
67.31512674063015
67.89516404239407
69.00392860723016
67.89516404239407
67.88588676774297
67.90333758154071
67.88060670225255
67.65461795244764
67.46989488104987
67.64054270555255
68.25506824526137
68.23703526239272
67.74442954143991
67.74398013509324
67.90100095527474
67.5655793053628
67.58769614120423
67.30302123109465
67.92187392619981
67.86366780931759
67.99126832176539
66.95707018207092
67.428534714132
67.39770762704588
66.98039793202523
67.29370476438956
67.52484869871891
67.52484869871891
69.34162602318096
68.56034837126529
67.30095611799682
69.00392860723016
68.09447731739422
67.47767510274132
67.27533678430837
69.77720808409612
67.89015152893651
68.37221587199788
67.2506360683024
67.19942802266667
67.19942802266667
67.25821279613976
67.97911256543554
67.29187679420963
67.31318031820291
68.03433785677636
67.45419974401769
67.35852264480152
67.08357254933895
67.35193055843388
67.68143361296724
67.96065669656217
67.96627620290347
67.33363868923516
68.92068458551267
69.00392860723016
68.06785783863249
67.53778783628145
67.89742348547307
67.52593378917895
67.76022630109743
67.78756618622192
67.75369453688513
67.73745866606215
67.71429885682565
67.99315263408194
67.70909171582196
67.84663073940652
69.00392860723016
67.69954602838216
67.50880009791113
67.85237000756
67.50542241435856
67.71218896843287
67.68116413650029
67.48221580375197
67.42179931484051
67.48294991393925
67.1986265013107
67.78509517943714
68.11297417020747
67.52060004697127
67.45970104076565
67.66835017001898
67.38046125215756
69.00392860723016
69.00392860723016
67.72221270817425
67.40341005811547
66.94991478084388
67.63669336678583
68.0240158722627
67.72078391859924
67.88718094060309
67.74955614605256
68.05085807123038
68.02410941102802
67.70888920946115
67.95892716579525
69.00392860723016
68.03245043361355
67.20872285688552
67.86069636335249
67.3535074344529
67.35994450396267
67.3535074344529
68.180870776863
67.15679302496456
67.76879945091734
67.67810539410857
67.73027600999939
67.16322922472135
67.09941017779681
67.75248632459139
67.0755628440702
67.11677476786049
67.43374905810703
68.00378269917766
67.12828616284159
67.43612524889572
67.85996702114875
68.30056015890982
68.00378269917766
67.65702195791722
67.65702195791722
67.65764138599629
68.2718662431344
67.59326622759542
67.9399157313361
69.00392860723016
69.00392860723016
67.62919809885051
67.59668817768741
67.49498733204919
72.40383403720192
67.350873997412
67.57851197645444
68.26551509142627
68.38545743145853
67.66801001597273
67.37671363898592
67.77392119086542
68.2447781196062
67.46501059804318
68.24967636223923
68.20530040438938
67.09298754801229
67.1338314806872
67.28222255388086
67.08367769873841
67.08367769873841
67.28650864828286
67.28492268625106
67.34000693753524
67.23775452066697
67.17790218594813
67.4573423047212
67.12876685366072
67.3820896244832
67.30180569184193
67.48484389410882
67.30748868838842
68.00747947864758
67.45920551711849
67.49617666322484
67.57564913044925
67.76410811516675
67.53761275648075
67.7591193475296
67.75179615839313
67.64961649540307
67.78886372467547
67.3629308012572
67.15145630124556
67.4070710871123
67.1343358013901
67.15806009263994
67.70310511396454
66.95636849274193
67.09796083806464
67.13563736711278
67.08611391466638
67.15145630124556
69.00392860723016
67.13563736711278
67.8888668387552
67.21299236518396
67.82634303341041
67.38832959574619
67.33071632066154
67.72163998922456
67.10077436343198
67.35352745912466
67.13180468578457
67.04415964879932
69.00392860723016
67.41689987377364
69.00392860723016
67.26718694803901
69.00392860723016
67.34928042655417
67.33726917185504
67.29236064821052
67.78291886016773
67.294028472221
67.67033202884805
67.7732417085075
67.24309429744005
67.6592677773393
67.27427962688616
67.95856152565581
68.33628340793439
67.53048423711915
69.00392860723016
66.99672802391756
68.16232611418441
69.00392860723016
67.05204810318956
67.4567289686149
67.4709331311219
67.462697437241
67.03288617129085
67.02163049469479
67.98548191749289
67.8794601052259
69.00392860723016
67.79345158186057
67.86048243710258
67.4698768095102
68.2390811313809
67.39475662309424
67.83523139991938
67.41141739249342
67.43731146755196
68.26247143802124
67.44357980293555
67.92090345863078
67.74904048243023
67.78068122207979
67.76344121819525
69.00392860723016
67.28946760440962
67.89047792771277
67.31627673072997
67.34077764056481
67.39403857950725
67.2938783548178
67.31239856048916
69.00392860723016
67.92476321455862
67.24734795139746
67.33139577884975
67.24734795139746
68.38350534345372
67.30663334634974
67.33972942997896
67.46886312443333
67.82364618044723
69.00392860723016
67.75252667952459
67.12318817653882
67.38647528447011
67.33638946323951
68.1820312456993
68.30802351210258
68.34047142372256
68.2235774745828
68.18318411968903
68.0276415837401
67.32438344373196
68.13264530380756