68.24276846106694
69.96508218201079
68.01828416798892
72.79806510821538
67.52351174098477
72.70148675962281
67.86004207368192
67.7012824837915
68.55406384237152
67.155999318837
67.31090707117251
67.46149572606062
67.99412275781111
67.82395932471691
68.00488385333955
67.14831420214253
67.37540019547721
68.54648939587088
67.91219353373268
68.06679939821183
68.19235684092179
67.54819351005277
67.58097919199984
67.93126978346086
68.44557821370708
68.21549754639614
67.45371544429906
67.21750706943533
68.24885644338981
69.53574842670133
68.69331861523764
67.38041121649279
67.50818651918733
69.30793711903098
68.69945151605768
67.27149916229
70.96124762385202
77.64902798767466
69.90628280472683
69.18883996620458
68.6978754839137
71.75992346711135
73.7800040160828
70.08747144066255
68.0528611018139
72.22156339552569
72.8659614951463
69.2828703902049
71.18237926662138
75.15930601269373
67.9042522175322
68.71556527376273
76.61170204061719
70.19985840948027
71.91857559218988
75.35027414058692
68.34805451316186
67.63877239258333
68.10971768907699
68.62891482286857
70.02590245170266
77.64902798767466
75.30982430876226
73.88521734186108
72.04172106323361
68.33370763289982
68.70784276861268
71.63454142411214
70.8417070144744
74.86129299955753
67.6114630844857
71.66140005442334
67.57154372261306
69.17863637646309
69.5168672205577
74.2579057615901
70.8417070144744
70.80381372960542
67.66609363290071
70.80815975608863
69.89016698664501
69.06703300561082
68.41470408477262
71.61314215212677
71.3626153747415
71.19337685013092
72.31070280758775
71.2090371773534
69.90676830775563
68.18424995424063
70.11782877664685
71.47476345983398
71.29830253581146
69.38435856826311
70.26467924721562
71.48840637537285
71.54962222003869
71.19337685013092
67.10640319495926
70.39533089239961
69.6950955805441
69.89633924918938
68.13371014961278
71.46217898966717
68.9543017485837
70.05054786103028
71.82812353253372
67.81669370000266
70.56665292830692
70.22521920074412
68.04386215772396
68.52183488767457
69.42132566947222
71.68758130437054
70.07309117004652
70.42576824697164
69.35956237895601
68.20777031696008
68.0357435674287
74.10758231931312
68.51968856657797
68.23186044751223
67.2648739063475
71.32295638293756
71.18160557068215
68.63371282256125
67.56529412045086
69.61762475692888
67.57138526760978
69.186726407187
68.49938916054599
69.09081648630851
68.08031042410612
69.59872616314321
67.87242607450143
69.00307273078033
72.58984529385135
72.47760478076442
71.19263316811283
69.00391415077854
67.7571747492336
68.51330886000466
67.0395075667121
69.35860756050043
67.68757102065632
70.24526205421981
70.24631521835192
70.45103551401657
71.19263316811283
71.04861941650353
70.25544115658052
72.53924222966609
71.19263316811283
71.0962791036619
72.08892418051032
69.13225598803852
67.39995288203713
67.81101298048124
72.44135625958516
69.11047808844718
68.69659763437929
69.28365617304492
71.20917930533973
70.37687901664404
74.58688586498702
74.13457251362043
70.17834941814712
68.87960856086144
69.28365617304492
70.37876112455795
70.52873819503358
68.8693526534326
70.06404487041405
69.53019275279053
70.52435493232294
68.09030606739759
67.2130519650733
67.61310181085805
69.34756178949827
68.08031042410612
67.41263284177732
67.68221345854805
67.28645747739158
67.55795185956939
67.52475584138433
70.40508952511622
67.27457433068874
68.54561373224344
67.11008560752035
68.66650272967806
69.41786639853265
68.20205623232475
68.0969028268745
70.66560267428099
70.7303233351433
68.45725672730609
73.99726298918503
68.46831544214979
70.30691792565588
70.29692166816461
70.34679538838633
70.5307424049141
70.5168861714453
71.19263316811283
67.96220339135978
76.08127994826935
72.50926572962278
76.62058130344384
67.94502965135703
74.10633474885991
76.71978584991047
67.32740618658275
75.81280721116654
74.31942885817013
76.25240040487625
76.66080446002454
74.3555312113123
76.44523640538979
74.72351696361285
74.41695487471205
74.64187436372876
68.3727367390054
73.82094037626659
75.26342979589286
74.28098509944091
74.26348171100555
74.64833857368798
74.41143636143859
67.87846827715809
74.7604821991987
68.17478057371785
74.3555312113123
68.10267179179682
74.9949423409674
67.59769103446165
67.19941133971042
75.27913389842533
68.4563876388539
68.66937502871654
67.97003056629174
68.43631976111494
68.17621126128083
68.70770337906062
68.87367479066164
68.28336004542356
67.82827342350355
68.21486860256462
68.35077221150878
68.26839254017241
68.77213921766376
69.5084163571989
68.42930122877223
69.13225598803852
68.13906918207167
67.42729641030985
68.01392371996754
69.64836514691117
68.18392485616393
67.81101298048124
69.1343312190237
68.68998018187483
70.38340344878219
69.38881001690824
69.4606415534818
67.28468723842349
67.48752796064464
67.99438269413227
67.81101298048124
68.94949212316854
68.12365974988761
68.06592157023417
68.03750469387298
67.27669240627438
67.53194954171585
67.5899606304966
67.58054632147503
67.9851001872826
67.74077830940158
67.50534212165292
68.8716425782193
67.53371441227286
80.27043773682534
67.47614316072908
67.87083632479701
80.24938136211513
80.62791451437866
80.4317493358761
79.93170387498078
79.93677120401335
80.13007551349486
80.05920543718672
69.80181912691512
80.24594291961735
80.21076354940043
75.66627833436796
69.23275101483418
72.58663563146494
80.22672292676204
69.7369128327507
68.26715248823821
68.35874099814264
69.69704018731305
68.90390283200573
69.20241900981466
70.07947204419894
69.33592544470527
69.26704441931649
71.20917930533973
69.99902280987179
69.77025546249594
68.65021843105536
68.9974881009117
69.80252624027607
68.26642828331153
69.5247643706399
69.5683083059364
69.27302092356784
69.3872198244195
68.38886857016678
69.3940211689484
68.68680103700468
71.20917930533973
68.17852248017178
69.25076071593341
68.39629347040325
69.58355380298774
69.52508487748047
71.20917930533973
69.80181912691512
69.66858545848591
67.85660558232881
69.27106725354943
69.62680251906824
67.85188973070208
68.78239410611494
69.82395037465803
68.88356748198822
69.34391175360263
68.10497264181488
67.87878570368721
67.75666434011076
68.12655846987491
67.57067327670187
71.06625646713205
68.43093563977298
68.52445153557777
68.1843290442969
71.47476345983398
68.40128957442478
69.44909134054362
69.8897824001035
69.52804980249199
70.66193891719396
71.48158468536943
70.48930359866864
67.75859250344573
67.96523255739174
71.47125723064468
68.58514998007749
70.48266702938503
68.25591013766018
69.77296472494882
68.96111290546088
67.20102957217794
67.17542065438091
68.70826214281604
67.52040190179488
67.50618094503683
68.25506655438679
66.94651536471883
67.26860736346563
70.30067028355478
67.68221345854805
67.38440388476644
67.03071663634643
75.79119282486606
68.13816248748515
76.8083989825842
67.17559585422127
75.31998442282827
73.71354117088778
75.33031155650102
74.49026181919754
69.77654092238653
68.72091712752766
69.47358754469622
70.38340344878219
76.47822908498733
69.8773938177347
70.05403169971547
67.97829591497074
69.89207982676405
67.63294726744971
68.53446978341313
68.69659763437929
67.89574113253944
67.67895216888027
79.94511528844701
67.52061798934525
68.2020130698081
69.49571732879392
68.38622808676263
67.5481092853752
80.18382115486173
71.43216684168692
70.1131711608459
71.23247258156958
80.17732254394997
70.25227899394197
80.18999691342215
69.11897086290969
69.3940211689484
69.4222879818852
76.23114353149862
73.86827609679604
76.66003735495174
76.72047703695236
76.66426184679983
68.38019090433943
68.31731161315889
73.1538495458437
70.05609880805262
68.43718941513322
69.32747166131976
69.77280549574073
68.17326514408329
67.13708776714057
67.68755914151909
67.78953127309403
71.19039133988426
72.32864860063394
71.30850656006054
70.24818221759901
68.29568040262731
76.62058130344384
68.52198065527698
70.08425532559967
68.35291632988782
67.38041121649279
68.06337191720073
67.43994456423768
68.01751750707705
69.17181784977124
68.03625754868746
67.15142983791722
66.9755461438098
71.81452193125003
67.51795074555011
67.41114886572882
68.06550235162358
69.09549977573793
67.23997035988386
69.06456628744702
68.6179436087008
67.23194020600138
67.72421551556928
68.84138115996704
67.57549387587298
67.07612674153853
67.55987988834197
67.07525529431963
70.60886273544493
67.08162001289305
73.70757599777856
71.62631364230403
74.08977780507207
73.3867637371445
74.23990426650293
73.65294916500115
73.14004058264638
74.96880851775929
73.25850674843156
69.2049785538682
70.09701227069695
73.42592538729602
68.30109798805644
69.16422686853267
69.1081343618533
70.17675449106291
68.73837599715871
73.4539154777684
68.63933627979799
71.29711996423157
68.16300283386994
71.79052928985347
73.18028448667275
71.1444261865995
69.22039127448774
70.31480127660376
69.2049785538682
68.44175267375998
73.45995460374988
67.98286668429782
73.54719789613854
68.35099250025412
67.99131388172945
73.2428922006978
68.73061364470306
68.21942843657679
67.99200316168832
73.6464018057884
72.35948823392566
68.21942843657679
70.67024855682119
67.81957548122152
67.96102360267201
69.59098459389499
68.25300972520688
67.5681675795945
67.67871193801548
73.64553707447845
67.60615461083738
67.52580850460782
67.47426702080313
67.937748883022
69.66841724293074
67.19497890421921
67.17345304707177
68.16648433962322
68.05382353142178
68.12815955882913
67.08553567501853
67.57070156240145
68.37660399075534
67.56368457486629
67.30641866727102
68.29404343659064
67.35380282992472
67.35679003568676
68.30565608775015
67.29585077281702
67.62656067696751
67.85699682600212
67.73042610010224
71.92376882456838
69.59098459389499
68.49533060120454
68.4004384294559
69.06226230869056
70.59397126573772
71.27295283486795
71.27295283486795
71.10913488259598
67.76605664229132
67.91433009787691
71.0519164979695
67.56888302532286
69.11077416861066
67.63067732117423
69.51822186020924
69.52813254729128
69.88679894799532
71.9271117957077
67.3871303121377
68.37696742028022
69.2049785538682
67.30565834170822
70.62489383149355
68.36728846474593
68.01420431839881
70.17466676899636
67.2290340889008
67.3549149546693
67.3871303121377
66.98881899393858
71.77080829205843
72.27311065902914
70.62489383149355
70.29307644056009
67.2068887757202
69.51525921294918
67.8546668444845
74.00721369454392
68.47007331064432
68.88024724213055
67.15904246858472
69.93798695836857
71.1664089524554
70.29794500418343
68.73360784872266
74.22217576076535
69.05584180445781
69.018167816282
70.70167228356375
70.6339050520851
69.96001042765153
71.6951327993514
71.92281500426984
69.39439930473374
69.4187786114563
69.79694419776216
69.12536325059344
72.2108962952157
68.48030104522012
67.81128361545927
69.04789162254792
72.32912560002599
69.26405436843511
68.27399471486561
71.92964243416073
70.27886838597185
69.17138383641382
68.62140924464707
69.26405436843511
69.83491330114276
68.69968318198183
68.76348584950287
68.90046030698066
70.79341922336528
69.2047067036803
68.71872316806048
68.77364902587546
68.60418504490666
68.71040657481485
67.76621335344807
67.59296720484511
68.60043847289904
68.05928041237728
69.71495235209446
69.24641785858375
68.3595425999071
74.17075981593726
69.65334954094905
67.39361935754586
67.66300689976396
69.48211043920388