114	67997.3868
163	37926.5416
139	27953.0363
98	25085.6986
95	14868.4446
110	13556.1555
64	13327.9511
89	11349.0899
102	10957.5811
90	10427.7392
232	10210.6765
217	10187.7506
171	9495.8126
52	9065.9062
85	8549.9583
73	7054.4886
94	6824.2516
77	6510.0602
73	6105.2056
60	5207.8348
38	4268.3089
57	4236.5421
62	4182.3338
58	3836.0711
56	3562.2053
43	3039.9026
25	2923.8802
34	2755.8648
19	2274.9848
29	2148.7238
51	2127.005
33	1980.8566
67	1937.4291
23	1650.2348
55	1523.3223
24	1507.8397
26	1498.9031
17	1493.9265
26	1474.9462
64	1430.8899
40	1366.1619
31	1256.9036
24	1179.1445
22	1125.7637
33	1078.8887
33	1054.1406
28	1047.2994
20	956.449
28	876.885
32	860.6575
20	819.5817
25	812.4732
16	802.9929
56	801.945
18	768.431
19	759.2893
17	758.6399
15	741.186
28	716.1536
17	692.4968
27	680.1682
1	661.4701
1	638.8183
5	636.5533
20	631.8731
21	607.9601
48	585.3526
17	578.4185
16	577.3317
27	557.8477
10	544.8401
13	544.5673
34	537.6568
41	533.4239
20	526.7561
15	512.8802
1	498.2218
15	479.3786
12	466.0196
36	464.8392
19	463.2336
12	462.5524
58	456.8141
14	443.4528
16	438.3089
12	432.0017
42	430.3396
36	425.5539
34	419.474
15	409.9957
40	404.3689
34	401.2549
11	389.3617
11	388.9843
12	385.9114
1	371.5909
10	358.6164
13	355.7476
10	339.6894
1	325.9203
33	322.1326
15	318.7701
29	318.7701
16	317.5724
16	317.3112
10	316.9499
1	313.7988
12	310.1361
17	308.6912
18	308.3529
32	289.7356
17	287.4723
17	286.1964
22	284.9008
14	271.4754
14	263.7415
1	255.3604
11	246.9617
1	243.7428
8	243.0345
11	240.7228
22	239.112
10	239.0776
15	239.0776
19	236.2993
12	234.2849
42	233.9414
22	225.3733
11	225.2535
7	223.4477
13	219.9701
8	219.7008
10	218.2444
11	213.7231
25	213.5504
19	212.6327
14	200.0799
13	199.2313
20	199.2313
63	199.2313
9	197.6011
18	196.782
14	195.401
10	192.2122
1	191.2621
9	190.1459
8	188.7821
13	183.7939
26	183.2365
1	181.9852
11	181.2249
1	180.201
10	179.3082
1	179.3082
13	179.3082
13	174.7604
12	171.1987
23	171.1253
23	169.0116
10	168.3819
23	168.3546
9	159.3851
14	159.3851
9	157.4156
8	152.1497
1	151.7244
7	151.7204
21	151.5345
10	151.4158
7	151.4158
17	149.86
12	149.0707
22	148.8489
7	148.5654
9	147.3951
12	145.8889
20	145.195
10	142.0646
6	140.7584
7	139.4619
9	139.4619
8	139.4619
11	138.8561
1	135.7602
8	134.8147
12	134.5708
1	132.103
15	130.7752
9	127.508
12	126.9857
24	123.5234
30	120.3874
13	119.5388
7	119.5388
7	119.5388
8	119.5388
1	119.5388
7	119.5388
11	119.5388
9	119.5388
30	119.5388
9	115.9629
1	115.7718
8	115.646
10	115.5542
25	115.5408
18	114.8859
16	114.4205
6	112.9106
24	112.1376
9	111.5695
9	110.69
7	108.7365
8	106.4804
8	105.5926
12	105.5176
11	105.3559
9	104.1227
7	103.6003
17	103.0065
13	102.08
7	102.0617
23	101.608
18	99.6157
11	99.6157
9	99.6157
5	99.6157
8	99.6157
7	99.6157
15	99.6157
9	99.6157
19	99.6157
3	99.6157
4	97.0036
1	94.9628
5	94.8781
8	93.5386
1	93.2156
16	93.1884
18	92.9875
5	92.8451
7	92.144
14	91.5635
16	88.7475
9	88.1576
14	87.1681
1	86.2996
7	85.6695
1	84.414
15	84.0491
7	83.6772
13	83.6772
6	82.9086
6	82.3088
10	79.6925
7	79.6925
7	79.6925
8	79.6925
1	79.6925
1	79.6925
1	79.6925
9	79.6925
9	79.6925
5	79.6925
9	79.6925
7	79.6925
1	79.6925
5	79.6925
6	79.6925
1	79.6925
8	79.6925
8	79.6925
16	79.6925
6	79.6925
8	79.6925
6	79.6925
9	79.6925
9	79.6925
6	79.6925
10	79.6925
8	79.6925
6	79.6925
5	79.6925
8	79.6925
5	79.6925
11	79.6925
14	75.3616
5	73.2507
20	71.7233
17	70.9796
5	64.7502
8	64.292
13	61.7617
13	60.12
7	59.7694
7	59.7694
1	59.7694
7	59.7694
7	59.7694
8	59.7694
6	59.7694
7	59.7694
1	59.7694
6	59.7694
11	59.7694
6	59.7694
6	59.7694
5	59.7694
3	59.7694
8	59.7694
6	59.7694
13	59.7694
1	59.7694
4	59.7694
4	59.7694
13	59.7694
5	59.7694
6	59.7694
5	59.7694
5	59.7694
5	59.7694
5	59.7694
5	59.7694
5	59.7694
6	59.7694
8	59.7694
18	59.7694
1	59.7694
11	59.7694
10	59.7694
13	59.7694
1	59.7694
13	59.7694
12	59.2557
3	58.2166
5	57.6201
4	57.1467
1	56.9125
1	56.9125
12	55.7674
5	55.7056
12	55.5474
4	55.5456
4	53.5749
6	53.1584
6	52.5572
5	51.807
5	50.3799
5	49.6626
4	49.648
12	49.3891
4	48.5795
12	47.8155
6	46.5355
4	46.3032
5	46.2113
6	46.0497
6	45.8232
10	45.6855
4	45.4946
5	45.105
5	44.3144
5	44.1162
7	43.8309
5	43.8033
5	42.8347
5	42.3704
7	42.1776
11	41.8386
6	41.8386
7	41.8386
5	41.8386
3	41.8386
4	41.8386
10	41.8386
7	41.8386
6	40.0001
3	39.9479
1	39.8463
14	39.8463
5	39.8463
4	39.8463
5	39.8463
6	39.8463
5	39.8463
4	39.8463
5	39.8463
4	39.8463
6	39.8463
1	39.8463
5	39.8463
5	39.8463
1	39.8463
5	39.8463
5	39.8463
5	39.8463
3	39.8463
4	39.8463
1	39.8463
1	39.8463
1	39.8463
1	39.8463
7	39.8463
5	39.8463
6	39.8463
5	39.8463
1	39.8463
12	39.8463
10	39.8463
9	39.8463
4	39.8463
5	39.8463
4	39.8463
3	39.8463
6	39.8463
6	39.8463
5	39.8463
5	39.8463
9	39.8463
6	39.8463
9	39.8463
6	39.8463
4	39.8463
1	39.8463
1	39.8463
5	39.8463
7	39.8463
1	39.8463
6	39.8463
1	39.8463
7	39.8463
1	39.8463
4	39.8463
6	39.8463
15	39.8463
6	39.8463
4	39.8463
1	39.8463
4	39.8463
3	39.8463
4	39.8463
1	39.8463
4	39.8463
1	39.8463
1	39.8463
5	39.8463
5	39.8463
6	39.8463
4	39.8463
1	39.8463
6	39.8463
7	39.8463
4	39.8463
4	39.8463
6	39.8463
5	39.8463
5	39.8463
4	39.8463
5	39.8463
4	39.8463
4	39.8463
5	39.8463
1	39.8463
4	39.8463
6	39.8463
5	39.8463
5	39.8463
4	39.8463
6	39.8463
7	39.8463
1	39.8463
4	39.8463
5	39.8463
4	39.8463
6	39.8463
3	39.8463
9	39.8463
3	39.8463
12	39.8463
12	39.8463
6	39.8463
9	39.8463
1	39.8463
9	39.8463
15	39.8463
14	39.8463
1	39.8463
9	39.8463
14	39.8463
11	39.8463
10	39.8463
19	39.8463
10	39.8463
8	39.8463
19	39.8463
5	39.8463
11	39.8463
18	39.0864
10	38.4497
4	38.0205
4	37.8577
4	36.4665
10	34.7793
3	34.0831
1	34.0692
4	33.7613
4	32.927
3	31.759
4	31.5716
2	31.5077
9	31.4796
5	29.8847
3	29.852
4	28.1365
3	24.6983
4	24.1771
4	23.9078
12	23.9078
3	23.9078
24	23.4954
4	23.4321
4	23.0116
12	21.9154
4	21.9154
3	21.9154
3	21.9154
11	21.9154
4	21.9154
8	21.9154
6	21.6439
2	21.1757
3	21
6	20.9193
6	20.5801
11	20.4029
6	20.2945
10	20.2553
9	20.1144
8	20.0221
5	20
3	19.9231
5	19.9231
3	19.9231
5	19.9231
8	19.9231
4	19.9231
7	19.9231
4	19.9231
3	19.9231
4	19.9231
2	19.9231
12	19.9231
3	19.9231
2	19.9231
3	19.9231
3	19.9231
4	19.9231
11	19.9231
4	19.9231
3	19.9231
4	19.9231
4	19.9231
3	19.9231
3	19.9231
3	19.9231
4	19.9231
4	19.9231
5	19.9231
4	19.9231
3	19.9231
3	19.9231
3	19.9231
3	19.9231
8	19.9231
3	19.9231
16	19.9231
3	19.9231
13	19.9231
3	19.9231
8	19.9231
2	19.9231
1	19.9231
5	19.9231
5	19.9231
2	19.9231
4	19.9231
3	19.9231
4	19.9231
4	19.9231
6	19.9231
3	19.9231
14	19.9231
2	19.9231
3	19.9231
4	19.9231
8	19.9231
5	19.9231
3	19.9231
6	19.9231
4	19.9231
4	19.9231
3	19.9231
4	19.9231
3	19.9231
3	19.9231
2	19.9231
4	19.9231
4	19.9231
3	19.9231
3	19.9231
3	19.9231
10	19.9231
5	19.9231
2	19.9231
4	19.9231
3	19.9231
5	19.9231
5	19.9231
4	19.9231
3	19.9231
4	19.9231
4	19.9231
4	19.9231
5	19.9231
3	19.9231
2	19.9231
4	19.9231
1	19.9231
2	19.9231
3	19.9231
3	19.9231
4	19.9231
3	19.9231
4	19.9231
8	19.9231
3	19.9231
3	19.9231
4	19.9231
4	19.9231
4	19.9231
6	19.9231
3	19.9231
7	19.9231
3	19.9231
3	19.9231
2	19.9231
3	19.9231
4	19.9231
7	19.9231
4	19.9231
2	19.9231
4	19.9231
3	19.9231
4	19.9231
4	19.9231
9	19.9231
7	19.9231
3	19.9231
5	19.9231
3	19.9231
3	19.9231
4	19.9231
4	19.9231
4	19.9231
4	19.9231
4	19.9231
4	19.9231
6	19.9231
2	19.9231
5	19.9231
3	19.9231
3	19.9231
3	19.9231
1	19.9231
5	19.9231
3	19.9231
5	19.9231
3	19.9231
3	19.9231
3	19.9231
3	19.9231
2	19.9231
2	19.9231
5	19.9231
3	19.9231
10	19.9231
5	19.9231
4	19.9231
4	19.9231
2	19.9231
3	19.9231
2	19.9231
4	19.9231
3	19.9231
4	19.9231
5	19.9231
2	19.9231
1	19.9231
4	19.9231
3	19.9231
3	19.9231
4	19.9231
5	19.9231
5	19.9231
1	19.9231
2	19.9231
3	19.9231
4	19.9231
4	19.9231
4	19.9231
3	19.9231
4	19.9231
4	19.9231
4	19.9231
4	19.9231
3	19.9231
4	19.9231
1	19.9231
3	19.9231
8	19.9231
2	19.9231
4	19.9231
14	19.9231
3	19.9231
3	19.9231
14	19.9231
1	19.9231
3	19.9231
3	19.9231
3	19.9231
4	19.9231
7	19.9231
4	19.9231
3	19.9231
3	19.9231
2	19.9231
2	19.9231
4	19.9231
3	19.9231
7	19.9231
4	19.9231
3	19.9231
3	19.9231
3	19.9231
3	19.9231
3	19.9231
3	19.9231
3	19.9231
4	19.9231
6	19.9231
2	19.9231
4	19.9231
8	19.9231
3	19.9231
4	19.9231
3	19.9231
2	19.9231
2	19.9231
4	19.9231
4	19.9231
5	19.9231
3	19.9231
9	19.9231
8	19.9231
5	19.9231
2	19.9231
3	19.9231
3	19.9231
7	19.9231
4	19.9231
4	19.9231
4	19.9231
3	19.9231
3	19.9231
7	19.9231
3	19.9231
1	19.9231
2	19.9231
3	19.9231
3	19.9231
25	19.9231
7	19.9231
1	19.9231
6	19.9231
5	19.9231
1	19.9231
4	19.9231
1	19.9231
2	19.9231
2	19.9231
3	19.9231
4	19.9231
3	19.9231
2	19.9231
3	19.9231
3	19.9231
3	19.9231
6	19.9231
2	19.9231
3	19.9231
3	19.9231
4	19.9231
5	19.9231
3	19.9231
1	19.9231
3	19.9231
4	19.9231
3	19.9231
3	19.9231
3	19.9231
7	19.9231
4	19.9231
3	19.9231
5	19.9231
2	19.9231
3	19.9231
5	19.9231
3	19.9231
4	19.9231
1	19.9231
3	19.9231
7	19.9231
4	19.9231
3	19.9231
2	19.9231
4	19.9231
5	19.9231
2	19.9231
3	19.9231
3	19.9231
14	19.9231
2	19.9231
5	19.9231
4	19.9231
3	19.9231
3	19.9231
3	19.9231
3	19.9231
4	19.9231
3	19.9231
2	19.9231
4	19.9231
3	19.9231
4	19.9231
2	19.9231
2	19.9231
3	19.9231
3	19.9231
4	19.9231
2	19.9231
6	19.9231
3	19.9231
3	19.9231
5	19.9231
4	19.9231
2	19.9231
2	19.9231
3	19.9231
3	19.9231
4	19.9231
2	19.9231
6	19.9231
3	19.9231
8	19.9231
4	19.9231
4	19.9231
2	19.9231
3	19.9231
4	19.9231
2	19.9231
1	19.9231
1	19.9231
2	19.9231
2	19.9231
3	19.9231
4	19.9231
3	19.9231
1	19.9231
10	19.9231
4	19.9231
4	19.9231
4	19.9231
5	19.9231
2	19.9231
3	19.9231
1	19.9231
1	19.9231
3	19.9231
5	19.9231
4	19.9231
3	19.9231
2	19.9231
4	19.9231
3	19.9231
3	19.9231
7	19.9231
2	19.9231
3	19.9231
2	19.9231
1	19.9231
5	19.9231
3	19.9231
4	19.9231
5	19.9231
4	19.9231
4	19.9231
3	19.9231
4	19.9231
6	19.9231
2	19.9231
2	19.9231
3	19.9231
4	19.9231
3	19.9231
4	19.9231
2	19.9231
2	19.9231
4	19.9231
3	19.9231
17	19.9231
4	19.9231
3	19.9231
4	19.9231
4	19.9231
3	19.9231
2	19.9231
3	19.9231
2	19.9231
3	19.9231
3	19.9231
2	19.9231
3	19.9231
4	19.9231
3	19.9231
4	19.9231
5	19.9231
3	19.9231
4	19.9231
9	19.9231
4	19.9231
24	19.9231
3	19.9231
3	19.9231
3	19.9231
4	19.9231
8	19.9231
3	19.9231
3	19.9231
1	19.9231
11	19.9231
1	19.9231
3	19.9231
2	19.9231
3	19.9231
2	19.9231
3	19.9231
4	19.9231
3	19.9231
4	19.9231
9	19.9231
4	19.9231
4	19.9231
14	19.9231
2	19.9231
3	19.9231
7	19.9231
2	19.9231
3	19.9231
3	19.9231
3	19.9231
3	19.9231
3	19.9231
4	19.9231
7	19.9231
3	19.9231
4	19.9231
3	19.9231
9	19.9231
3	19.9231
4	19.9231
7	19.9231
3	19.9231
2	19.9231
3	19.9231
1	19.9231
2	19.9231
3	19.9231
4	19.9231
5	19.9231
3	19.9231
5	19.9231
6	19.9231
7	19.9231
2	19.9231
4	19.9231
6	19.9231
2	19.9231
7	19.9231
4	19.9231
2	19.9231
7	19.9231
2	19.9231
5	19.9231
5	19.9231
2	19.9231
6	19.9231
5	19.9231
6	19.9231
4	19.9231
4	19.9231
5	19.9231
6	19.9231
2	19.9231
10	19.9231
12	19.9231
5	19.9231
9	19.9231
7	19.9231
4	19.9231
6	19.9231
10	19.9231
12	19.9231
2	19.9231
3	19.9231
9	19.9231
9	19.9231
10	19.9231
10	19.9231
9	19.9231
2	19.9231
5	19.9231
5	19.9231
7	19.9231
5	19.9231
7	19.9231
10	19.9231
2	19.9231
6	19.9231
6	19.9231
2	19.9231
5	19.9231
2	19.9231
9	19.9231
5	19.9231
5	19.9231
5	19.9231
2	19.9231
4	19.9231
9	19.9231
6	19.9231
6	19.9231
8	19.9231
6	19.9231
5	19.9231
2	19.9231
2	19.9231
6	19.9231
4	19.9231
2	19.9231
8	19.9231
5	19.9231
5	19.9231
9	19.9231
2	19.9231
5	19.9231
13	19.9231
2	19.9231
3	19.9231
2	19.9231
4	19.9231
4	19.9231
8	19.9231
6	19.9231
8	19.9231
8	19.9231
9	19.9231
8	19.9231
7	19.9231
5	19.9231
10	19.9231
6	19.9231
11	19.9231
6	19.9231
9	19.9231
10	19.9231
2	19.9231
5	19.9231
5	19.9231
4	19.9231
9	19.9231
5	19.9231
7	19.9231
11	19.9231
2	19.9231
6	19.9231
5	19.9231
4	19.9231
5	19.9231
5	19.9231
2	19.9231
9	19.9231
2	19.9231
10	19.9231
7	19.9231
6	19.9231
2	19.9231
9	19.9231
10	19.9231
4	19.9231
12	19.9231
2	19.9231
5	19.9231
4	19.9231
6	19.9231
5	19.9231
2	19.9231
4	19.9231
7	19.9231
9	19.9231
4	19.9231
5	19.9231
8	19.9231
2	19.9231
6	19.9231
9	19.9231
2	19.9231
9	19.9231
5	19.9231
2	19.9231
8	19.9231
7	19.9231
9	19.9231
6	19.9231
4	19.9231
9	19.9231
2	19.9231
8	19.9231
3	19.9231
2	19.9231
4	19.9231
2	19.9231
4	19.9231
2	19.9231
9	19.9231
5	19.9231
5	19.9231
4	19.9231
7	19.9231
9	19.9231
11	19.9231
5	19.9231
4	19.9231
9	19.9231
9	19.9231
9	19.9231
8	19.9231
8	19.9231
28	19.9231
5	19.9231
8	19.9231
6	19.9231
7	19.9231
8	19.9231
1	19.9231
7	19.9231
8	19.9231
20	19.9231
1	19.9231
9	19.9231
18	19.9231
9	19.9231
25	19.9231
3	19.9231
5	19.9231
9	19.9231
5	19.9231
8	19.9231
8	19.9231
6	19.9231
8	19.9231
7	19.9231
8	19.9231
14	19.9231
13	19.9231
22	19.9231
5	19.9231
8	19.9231
6	19.9231
8	19.9231
21	19.9231
6	19.9231
9	19.9231
8	19.9231
5	19.9231
4	19.9231
5	19.9231
14	19.9231
10	19.9231
7	19.9231
5	19.9231
5	19.9231
8	19.9231
9	19.9231
5	19.9231
5	19.9231
5	19.9231
1	19.9231
8	19.9231
3	19.9231
8	19.9231
6	19.9231
9	19.9231
13	19.9231
23	19.9231
9	19.9231
8	19.9231
5	19.9231
22	19.9231
7	19.9231
5	19.9231
10	19.9231
8	19.9231
8	19.9231
10	19.9231
7	19.9231
6	19.9231
6	19.9231
8	19.9231
11	19.9231
6	19.9231
7	19.9231
5	19.9231
4	19.9231
7	19.9231
5	19.9231
7	19.9231
5	19.9231
8	19.9231
6	19.9231
13	19.9231
7	19.9231
5	19.9231
8	19.9231
6	19.9231
5	19.9231
6	19.5432
13	19.5432
8	19.5432
8	19.5432
4	18.5175
3	18.3667
4	18.261
11	17.9308
4	17.9066
2	17.8619
3	17.6769
4	17.4307
5	17.3502
2	16.6889
4	15.8772
5	15.8198
1	15.7373
5	15.1603
3	14.888
4	13.9462
4	13.5709
7	13.1511
11	13.0081
6	12.9003
4	12.2308
3	11.5443
3	11.5341
3	11.4122
3	11.3608
5	11.0655
3	10.9577
4	10.8986
7	10.2849
3	9.9616
1	8.9832
2	8.0595
3	8.0586
1	7.7362
3	7.5925
3	7.5268
4	7.4288
2	7.4166
3	6.4138
1	6.3409
2	6.0877
1	5.9769
3	5.9769
2	5.6317
2	5.6198
1	5.5463
1	5.4222
2	4.9808
1	4.8502
4	4.7742
2	4.6652
2	4.2748
2	4.2743
1	4.2255
10	4.2092
2	4.1743
1	4.1494
2	4
3	4
1	3.9846
2	3.9846
1	3.9846
1	3.9846
2	3.9846
2	3.9846
1	3.9846
2	3.9846
1	3.9846
2	3.9846
6	3.9846
5	3.8779
1	3.7533
1	3.4315
1	3.1214
1	3.0446
1	2.1046
1	2.1046
1	2.0332
1	2
1	2
1	2
1	2
2	2
1	2
1	2
1	2
1	2
1	2
1	2
1	2
1	2
1	2
1	2
2	2
1	2
1	2
2	2
1	2
1	2
1	2
1	2
1	2
2	2
1	2
1	2
1	2
4	2
1	2
1	2
1	2
1	2
1	2
1	2
2	2
1	2
1	2
1	2
1	2
1	2
2	2
1	2
1	2
2	2
1	2
1	2
1	2
1	2
1	2
1	2
2	2
1	2
3	2
3	2
3	2
2	2
3	2
3	2
2	2
2	2
3	2
1	2
2	2
3	2
1	2
2	2
3	2
2	2
1	2
2	2
2	2
3	2
2	2
1	2
1	2
2	2
1	2
1	2
8	2
3	2
2	2
5	2
9	2
2	2
2	2
1	2
3	2
5	2
2	2
1	2
7	2
1	1.9923
1	1.9923
1	1.9923
1	1.9923
1	1.9923
1	1.9923
1	1.9923
1	1.9923
1	1.9923
1	1.9923
1	1.9923
2	1.9923
1	1.9923
1	1.9923
2	1.9923
1	1.9923
1	1.9923
1	1.9923
1	1.9923
1	1.9923
1	1.9923
1	1.9923
1	1.9923
1	1.9923
1	1.9923
1	1.9923
1	1.9923
1	1.9923
1	1.9923
2	1.9923
1	1.9923
1	1.9923
1	1.9923
1	1.9923
3	1.9923
1	1.9923
1	1.9923
1	1.9923
1	1.9923
1	1.9923
1	1.9923
2	1.9923
2	1.9923
1	1.9923
1	1.9923
1	1.9923
1	1.9923
1	1.9923
2	1.9923
1	1.9923
1	1.9923
1	1.9923
1	1.9923
1	1.9923
2	1.9923
1	1.9923
2	1.9923
1	1.9923
1	1.9923
1	1.9923
1	1.9923
2	1.9923
1	1.9923
2	1.9923
1	1.9923
1	1.9923
1	1.9923
1	1.9923
1	1.9923
1	1.9923
1	1.9923
1	1.9923
1	1.9923
2	1.9923
1	1.9923
3	1.9923
2	1.9923
2	1.9923
1	1.9923
1	1.9923
1	1.9923
1	1.9923
1	1.9923
1	1.9923
3	1.9923
3	1.9923
1	1.9923
1	1.9923
1	1.9923
1	1.9923
2	1.9923
3	1.9923
1	1.9923
1	1.9923
1	1.9923
1	1.9923
1	1.9923
1	1.9923
2	1.9923
1	1.9923
1	1.9923
1	1.9923
1	1.9923
1	1.9923
1	1.9923
1	1.9923
1	1.9923
1	1.9923
1	1.9923
1	1.9923
3	1.9923
1	1.9923
1	1.9923
1	1.9923
1	1.9923
1	1.9923
1	1.9923
1	1.9923
1	1.9923
1	1.9923
1	1.9923
1	1.9923
1	1.9923
2	1.9923
1	1.9923
1	1.9923
1	1.9923
1	1.9923
1	1.9923
1	1.9923
1	1.9923
1	1.9923
3	1.9923
3	1.9923
1	1.9923
1	1.9923
1	1.9923
2	1.9923
3	1.9923
2	1.9923
2	1.9923
1	1.9923
1	1.9923
1	1.9923
1	1.9923
2	1.9923
2	1.9923
3	1.9923
3	1.9923
1	1.9923
2	1.9923
2	1.9923
2	1.9923
3	1.9923
2	1.9923
3	1.9923
2	1.9923
1	1.9923
1	1.9923
1	1.9923
2	1.9923
3	1.9923
1	1.9923
2	1.9923
2	1.9923
1	1.9923
1	1.9923
3	1.9923
2	1.9923
2	1.9923
2	1.9923
3	1.9923
2	1.9923
1	1.9923
2	1.9923
3	1.9923
2	1.9923
2	1.9923
3	1.9923
2	1.9923
1	1.9923
1	1.9923
3	1.9923
3	1.9923
2	1.9923
1	1.9923
1	1.9923
1	1.9923
3	1.9923
2	1.9923
2	1.9923
2	1.9923
1	1.9923
10	1.9923
1	1.9923
1	1.9923
8	1.9923
2	1.9923
2	1.9923
6	1.9923
2	1.9923
3	1.9923
2	1.9923
8	1.9923
3	1.9923
2	1.9923
2	1.9923
2	1.9923
1	1.9923
3	1.9923
1	1.6879
1	1.562
1	1.4194
1	1.2701
1	1.227
1	1.2121
1	1.1203
1	0.9856
2	0.9847
1	0.9115
2	0.9115
2	0.908
2	0.9045
2	0.9011
1	0.8907
2	0.8398
1	0.75
1	0.7461
1	0.7329
1	0.7329
1	0.7301
1	0.7272
1	0.7245
1	0.7245
1	0.7079
1	0.7077
1	0.6838
1	0.6666
1	0.6606
1	0.5676
1	0.5462
1	0.3823
1	0.3808
1	0.3808
1	0.3794
1	0.3794
1	0.3794
1	0.3794
1	0.3779
1	0.3779
1	0.3779
1	0.3779
1	0.3779
1	0.3764
1	0.3764
1	0.3764
1	0.3764
1	0.375
1	0.375
1	0.375
1	0.375
1	0.3736
1	0.3736
1	0.3736
1	0.3736
1	0.3721
1	0.3721
1	0.3721
1	0.3721
1	0.3721
1	0.3721
1	0.3721
1	0.3721
1	0.3721
1	0.3707
1	0.3707
1	0.3707
1	0.3707
1	0.3707
1	0.3707
3	0.3707
2	0.3707
1	0.3707
1	0.3693
1	0.3693
1	0.3693
1	0.3693
1	0.3693
1	0.3693
1	0.3693
1	0.3678
1	0.3678
1	0.3678
1	0.3678
1	0.3678
1	0.3678
1	0.3678
1	0.3678
1	0.3664
1	0.3664
1	0.3664
1	0.3664
1	0.3664
1	0.3664
1	0.3664
1	0.365
1	0.365
1	0.365
1	0.365
1	0.365
1	0.365
1	0.365
1	0.365
1	0.365
1	0.365
1	0.365
1	0.3636
3	0.3636
1	0.3636
1	0.3636
1	0.3636
1	0.3636
1	0.3636
1	0.3636
1	0.3636
1	0.3636
1	0.3636
1	0.3636
1	0.3636
1	0.3636
1	0.3636
1	0.3636
1	0.3636
1	0.3636
1	0.3636
1	0.3636
1	0.3636
1	0.3636
1	0.3636
1	0.3636
1	0.3636
1	0.3636
1	0.3636
1	0.3636
1	0.3636
1	0.3636
1	0.3636
2	0.3622
1	0.3622
1	0.3622
1	0.3622
1	0.3622
1	0.3622
1	0.3622
1	0.3622
1	0.3622
1	0.3622
1	0.3622
1	0.3622
1	0.3622
1	0.3622
1	0.3622
1	0.3622
1	0.3622
1	0.3622
1	0.3622
1	0.3622
1	0.3622
1	0.3622
1	0.3622
1	0.3622
1	0.3622
1	0.3622
1	0.3622
1	0.3622
1	0.354
1	0.354
1	0.3535
1	0.3508
1	0.3508
1	0.3494
1	0.3467
1	0.3454
1	0.3419
1	0.3414
1	0.3414
1	0.3398
1	0.3252
1	0.2886
1	0.2853
1	0.285
1	0.2408
1	0.237
1	0.2264
1	0.1566
1	0.143
1	0.143
1	0.143
1	0.143
1	0.143
1	0.143
1	0.1403
1	0.1331
1	0.1097
1	0.1092
1	0.1092
1	0.093
1	0.093
1	0.093
1	0.093
1	0.093
1	0.093
1	0.0927
1	0.0927
1	0.0927
1	0.0927
2	0.0927
1	0.0923
1	0.0923
1	0.092
1	0.092
1	0.0916
1	0.0916
1	0.0916
1	0.0913
1	0.0913
1	0.0913
1	0.0913
1	0.0913
1	0.0913
1	0.081
1	0.0451
1	0.041
1	0.041
1	0.0377
1	0.0358
1	0.0247
1	0.0194
1	0.0193
1	0.0124
1	0.0121
1	0.0062
1	0.0036
1	0.0001